100
-351770.8819 -650750.1135 17675.0781 913479.8655
583.3555 -696385.4587 521962.7920 427139.3396
-19999.9116 -710581.9128 840081.8190 -969020.6945
-702003.4583 -264881.6971 -676132.8027 322099.2696
372177.8113 -603015.3297 809316.4009 698868.0465
-118439.8415 -932299.5018 -4111.1250 78149.2610
-628899.4235 27068.5043 -332999.4076 -168521.8507
-674419.4870 -956810.2686 -626379.8422 -536333.3659
556288.7480 427933.5957 717861.0697 991890.7461
547492.1068 -381832.5209 911795.7349 -414534.0108
-969892.8565 762145.0062 -455769.0961 719827.3294
-688208.3603 345047.5811 -365744.2778 640162.9103
975930.7637 987644.0002 976767.2472 -708658.2865
-77818.1759 171729.5072 540051.1245 695492.2780
-355639.0262 -49479.6533 -163055.6962 853843.8537
293441.8549 -770027.2325 833719.0145 837417.5543
244535.3290 -288025.1613 326700.3431 -347764.3668
-821068.3899 -791332.7958 -681463.1121 557420.1192
-651455.6192 -802706.8949 -456344.0368 -310482.5023
524074.3505 -596280.6800 592747.3668 -733197.9205
-537360.9647 447846.3300 -509409.3152 268826.0393
-365744.2778 640162.9103 -456000.3520 -31462.2953
-97839.0775 -659922.5922 -70648.1145 -47831.6478
-112400.6610 -761849.6468 -109326.8308 295319.1458
75455.2111 966518.5257 611384.4836 713634.8711
693423.6948 -381641.1381 896461.1953 -392974.8812
14980.2050 -570219.2293 15763.3570 -552987.4710
-965892.0929 418499.3768 -854677.1420 626551.0629
397200.0586 105102.7668 766592.3358 709273.1397
-118439.8415 -932299.5018 120240.7261 -899694.0484
544268.0540 61220.7818 656220.0885 418386.4312
771902.7676 344998.5914 916773.2175 696030.1925
273153.5443 -651577.3127 425102.2076 -290860.4812
725919.4231 -598160.2891 891262.8834 -731809.5640
570275.4313 127126.5273 727359.6189 645033.3363
-639391.1956 -159175.6637 -491484.6627 -222582.5288
160728.6702 351735.5795 510056.7306 630026.1090
521093.5865 -525616.1492 862366.3839 -759802.9238
-234571.3650 -98461.3620 -77539.5679 664219.9756
-382827.2534 891964.9953 -336938.1908 961568.8940
976767.2472 -708658.2865 477547.1738 -460318.4712
-664554.4004 340625.7046 -573748.5755 239344.7296
-433294.5716 -168344.2572 -320625.6796 -233734.7155
-163055.6962 853843.8537 -812589.5246 546943.0991
-456344.0368 -310482.5023 -623177.2914 -375372.3958
-451706.8401 -558685.7086 -400345.2200 -222024.9600
-86908.6467 279477.9769 -51126.7898 557216.1626
-791948.2327 -946949.5864 -757717.7487 -566701.6607
660761.3809 -140289.1035 798189.0246 -169856.5669
-392580.6744 -960284.7943 -337599.5161 -246744.9763
-561498.4145 -972352.0352 490458.2476 -997621.2875
-941140.4815 146311.1996 -841918.4429 -352241.3813
-371599.2897 477422.2459 -243749.1210 580056.0660
-118439.8415 -932299.5018 -325464.5538 -814217.9246
388104.1367 -232471.1106 510962.3773 272115.6617
-332999.4076 -168521.8507 -61214.9638 730415.9194
425102.2076 -290860.4812 155532.1919 -715488.4468
-93703.8859 246992.4188 195260.4432 567874.8475
201449.5451 -827965.6634 372985.4308 -958942.8014
-809770.1079 -343888.1567 -736176.0434 48597.8443
807736.8070 -324898.7825 850299.3451 290599.7001
71053.3764 795974.9456 340879.8931 568053.8090
6513.0868 236644.8694 77085.3445 216541.7052
293441.8549 -770027.2325 348133.2023 -756549.0724
720301.7024 -918980.8110 963752.0541 -746030.6068
891262.8834 -731809.5640 963752.0541 -746030.6068
407866.3392 -632304.6194 442165.5063 -790129.1533
-997038.3114 306249.9975 -908491.2729 317879.3222
-887867.0028 279373.7403 -787225.0246 -140913.0986
116323.7969 893977.4398 216904.9892 712943.0913
783014.3308 -563887.7149 861456.4320 -595281.7108
873334.3501 -901763.9112 897348.2938 -873189.6045
521962.7920 427139.3396 404960.7511 476026.6463
-725274.7506 -854086.0313 -646128.5033 99984.4771
-533317.9694 620073.0476 -351270.9838 692131.8308
-690523.7586 840424.1964 -447368.2118 742601.0045
-848503.0968 547942.4675 -766559.0112 295274.2930
641888.5809 81252.9586 740564.4474 239583.2800
583.3555 -696385.4587 132754.5905 -486715.9215
-848503.0968 547942.4675 -750213.1263 355472.6510
961975.2661 686823.8209 965831.3145 -615487.1997
89162.8759 -813180.3764 371719.8400 -829979.5481
-881981.6548 -402876.5460 -829847.7640 -594837.6317
-386056.1829 -965926.8446 495227.4298 -959491.7400
118979.7825 -477797.6300 455908.1010 173850.1089
-690523.7586 840424.1964 -498199.2897 805335.2205
-23489.8443 -138293.0319 120655.6651 309176.4464
726944.4404 5015.4739 792858.3138 517257.3182
911795.7349 -414534.0108 882461.9483 437211.7731
-732064.9178 -944384.7504 -595993.8762 -367748.7023
38469.4910 -183412.1308 261262.3144 -36882.7211
113774.8622 137384.8867 263110.7137 331347.9782
407866.3392 -632304.6194 522570.4658 -722502.1845
-875912.5849 282002.7191 -752766.8600 7774.5171
-234571.3650 -98461.3620 -319596.8283 -291212.5038
-211811.3726 -605053.9351 -143312.8811 -122400.6627
293441.8549 -770027.2325 425102.2076 -290860.4812
453548.0909 -111329.6745 490254.1992 -99519.7337
404960.7511 476026.6463 238891.7833 380945.1008
853054.1868 -310841.9656 862434.8995 -287577.6460
