1000
-44373.0254 -354238.6297 316498.9270 673357.6457
-676831.7649 79680.0885 -430367.6529 269854.9837
220486.9909 -394468.8792 404126.6952 776885.5854
601035.1349 799945.3107 814063.2648 -211224.1887
-348420.7779 909514.8659 -169272.1550 -720082.1710
-573679.3950 -941241.4383 -347227.5947 -803769.8841
-467127.7630 -857311.9032 -383307.3889 -534257.8595
-105744.8797 989398.9531 516326.2540 881791.9988
-605584.4701 126727.3526 -579201.8436 -727015.1749
-155856.4996 634962.5396 978459.9115 981032.8233
389036.9771 -948187.1544 964213.2984 -947214.2477
-992932.3733 16594.4156 -533141.5412 676236.9424
159971.6527 -951428.1687 604713.3997 55550.8124
-993978.9750 -19441.2463 -655881.1751 -368064.5745
397631.9176 -277746.9579 493399.6977 -131601.3400
669391.7229 -676787.3687 984121.9546 255442.0659
19368.3990 -612042.5728 354494.3645 -351857.1173
-948349.0981 871823.2523 -642879.9896 914584.5405
-95296.3372 -119706.2767 -78988.8684 480228.7811
186638.2714 -917170.4902 636253.1388 -592490.3491
407657.0165 588513.6604 641575.4954 494915.9359
-271145.8252 471328.2036 -81313.9705 936250.1496
-569114.9407 353219.9803 -443476.5701 903293.4511
-401677.7075 58497.4374 -331893.5956 347164.4607
-163245.6351 -654498.8214 42682.7421 -988505.9940
451301.9958 675275.2366 555311.7380 719210.0349
-242131.1020 295333.9816 -208770.8376 587158.6815
-640618.4140 -66539.5335 -628449.1211 -543921.3189
668824.3473 873365.8404 764272.0497 361172.4056
-499236.8145 -881609.1513 -394714.7974 32265.7646
124356.4061 807225.4590 146601.3392 838786.2170
51923.9694 -506798.7261 185426.4783 52027.0259
-429908.8322 571851.1107 -414900.6129 -38128.9030
-678660.4392 576785.0166 -547296.1015 895929.2404
242107.1648 155607.2046 269290.5377 429940.0179
-173668.5490 17970.4614 -121321.4456 -160967.7388
-549458.4720 725305.9090 -533225.4387 966030.7805
-190810.0100 -371884.0626 -82425.9398 -132185.2712
425738.6825 -905918.4439 963823.3239 -866367.0654
-277613.6682 758475.5454 -76469.7486 979836.3201
-958153.6747 22509.1496 -684122.3445 -242346.0069
-849607.6229 877099.0170 -720988.3796 739207.9899
583573.3642 505282.8226 670384.2270 -109618.4578
-561463.9326 68690.5748 -484157.5415 -322226.2088
-933064.4701 383097.9547 -929869.6606 749606.3331
31703.6562 -679160.7734 129536.6033 -630967.4083
-899277.3716 140776.2432 -688266.8845 -206192.4852
-906648.1892 600811.4127 -843358.7057 324412.5870
-263003.0099 -544791.0968 -260229.1234 -367100.0139
-310800.5969 63047.1983 -299433.1402 -649985.7058
828523.1119 61790.6310 855989.2944 94265.1515
-109497.0682 -686776.5686 246413.9846 290155.1430
-163245.6351 -654498.8214 -268773.3536 312267.5062
404126.6952 776885.5854 178830.1988 269961.7272
576614.6340 -749434.8019 990685.8603 -633147.2654
21475.4023 34663.1166 27747.2268 406197.0546
715504.4673 -548451.3367 967296.5439 -529100.5786
16993.7427 510740.8884 121096.3502 713964.9562
-871051.1523 493783.9201 -692041.6566 604007.4150
-959705.4950 85904.9295 -667165.6422 579262.1277
357939.9142 328871.1993 476693.4849 533938.7260
-899277.3716 140776.2432 -770392.3975 -111592.6479
-169845.2491 -531519.6603 -10294.5378 85048.8350
-411975.3907 -973712.1904 -83199.1834 -806136.2052
-965021.0072 -572816.5157 -758280.7942 -964903.4199
-331590.4301 -494197.0867 -319000.2251 535377.8186
888204.3949 600779.2458 924029.5666 397721.6189
820939.8246 499933.5536 889997.2152 389608.8092
508454.0923 99703.7369 512290.7375 532878.1489
-704511.5608 179175.6999 -436568.7058 927195.0732
-904156.0305 -358308.2682 -604941.4026 -814047.2350
-116650.7848 526145.0804 -99208.6048 226605.8776
-755764.7194 -397771.7069 -736081.0424 -413185.9069
-223892.6617 -17383.1733 -143301.4269 -120646.8149
-340536.6776 984568.8213 -284452.4715 662152.3038
-61428.1375 -722765.2916 122716.5067 -652653.4487
28438.4334 -889162.7987 101157.4474 -806953.1280
178877.9457 -223767.1811 325530.1988 531509.6587
-592851.7017 -177381.6488 -559959.7285 131997.5748
48344.0531 -958471.4881 223517.1389 -633465.8626
592797.6656 288718.9419 700054.9579 -526122.1074
624743.4925 497165.2557 763674.0176 -135742.4181
258841.8223 977241.0328 798010.6426 955003.1977
718216.1659 708526.5581 822204.3231 154687.7095
788378.0541 588487.5570 885563.7226 479541.1211
582836.8226 -615783.4629 679965.2204 -426950.0067
860843.2226 -572367.8962 936691.5821 -626032.3826
799245.8953 899971.8562 983716.8214 356313.8669
-171561.7069 105668.5851 -105232.9069 -135927.2722
-800855.1197 593801.6260 -682761.2675 646614.3064
-802007.9965 851437.4485 -697269.0155 727869.8628
-886819.6790 -173935.2250 -740263.9463 -522269.0823
324321.2854 -908173.9660 539337.2351 -693723.9641
-934768.6980 29834.5574 -859305.3274 -35833.1997
381748.5944 246648.3614 452276.5992 -108141.8824
-386487.9879 360335.1962 -332203.0136 628834.2417
769405.4529 -744246.8115 881565.8320 -691971.7493
-380419.6954 -425861.1701 -341736.9383 178775.1442
214299.1389 933096.8081 325340.6653 815396.2251
-171127.1298 623557.7497 38859.1982 879768.9897
636639.0049 892028.2619 698402.9894 945353.6282
183320.1874 -922498.3002 704436.0865 -917726.5676
-306122.8365 -183645.9360 -289776.7091 187815.6107
233008.5253 309704.1368 259439.0228 428612.2118
114146.3853 -970991.0195 210631.3486 -780098.7210
643646.8960 746046.2892 770774.3602 311419.1186
-848031.3523 -650461.6495 -822422.5252 -598032.3157
-10424.1863 -659882.1793 83673.3365 -184967.4675
-786985.5147 -323100.1193 -716540.1898 -323481.5963
-468323.0302 -969780.1448 -379290.4735 -893206.1543
-451441.6335 789354.6103 -429620.5964 549035.4976
-939462.6684 -301899.5592 -857454.9802 -254274.0251
902315.8658 687120.8166 995319.1945 319859.1906
-203599.7131 -422722.8291 -170553.8708 -723577.6354
-456443.6294 171518.0403 -448967.7504 32513.8719
76172.1608 711765.7995 228959.2126 808493.0327
-636163.0678 -681009.3306 -633017.6993 -696712.8916
54977.9290 -514676.6003 224616.7507 33139.6746
-361549.4621 -915153.6781 -264760.3539 -539255.3597
359717.3407 -540328.3925 648962.4016 -432668.2890
-832882.8091 170349.1197 -775010.0292 -43937.4663
863220.2921 -499724.5054 998952.2378 -273284.4421
276683.3628 -704467.3978 364912.8360 -582089.9050
-776106.7116 344398.3491 -559515.7052 638943.6729
908345.3376 862859.1302 917166.2215 790036.1877
252086.1799 -319909.4267 385311.3710 139131.4044
101771.0181 861445.8440 105033.7099 782277.4456
-629611.8924 -66852.9897 -619713.0753 -745457.8969
824774.6695 41383.3750 938741.4668 189560.3154
-645867.1727 44379.4461 -615903.0138 -40654.2450
-44452.2182 -241411.3580 -24547.9994 -103763.2219
-982187.0297 -839627.3672 -970614.4585 -48808.8448
-562468.5559 -645762.7845 -529417.3086 -735662.5442
-973177.5293 378541.2005 -947849.2883 893134.5543
-944836.9460 -851371.1833 -761935.2565 -978526.7446
-139803.4878 278805.3057 -130575.1630 392970.0028
-746100.9372 81401.3059 -618841.0727 273672.6756
623734.9916 759663.4883 839779.2774 -166619.1924
433445.1850 171885.9839 440562.5291 300021.0751
-308489.7538 666760.6559 -202007.8845 -247366.9811
606298.9407 353382.5203 684045.3688 -18597.1207
4370.1765 -319547.4478 110861.9677 -26253.4933
310168.3088 -507560.8940 406611.6664 -251322.8577
698875.1240 886487.9664 920847.9060 937176.9219
121687.9160 389614.8362 167466.8381 266037.5429
810453.9799 681720.1538 817658.7978 813969.9695
677821.8334 -315656.5021 763393.7674 -323558.6866
-32579.1848 -341641.0234 116274.0395 23643.3403
557524.1894 486796.9298 564927.9575 -31654.4020
475110.7846 -60011.9539 505969.7696 254363.8665
725437.2162 -661811.6656 897885.3893 -620432.5639
-561565.9764 -370984.9999 -528809.7931 -489309.2030
-572692.4987 -162166.0363 -522073.8242 -298822.2338
-640185.8393 -154203.9639 -639211.9040 -466669.8112
93570.1722 -974194.4978 117885.4586 -925835.8528
595892.6331 507189.7005 728154.0940 -138066.4390
-95296.3372 -119706.2767 11312.5486 428439.8655
-405704.1912 -355833.9977 -372173.0799 -546867.4476
-785477.6381 736348.4055 -729641.4251 664861.3613
-55922.2105 895677.7544 72814.1915 893602.6758
414366.3783 -172874.3385 499519.0557 -95065.1321
258841.8223 977241.0328 336303.2936 923597.2554
782327.9117 348312.0253 816736.8911 -34259.7231
-936645.6675 -727822.8506 -815443.3377 -912703.9126
-79332.5892 597442.1785 -74763.9355 657481.5468
-92610.7972 -151780.8635 -2117.7240 178877.9585
-771320.8242 54758.0956 -709823.5582 318973.1543
-540600.2879 -7424.1527 -422057.0031 32866.6870
-560736.3105 -595755.9200 -553994.3978 -401351.8056
-689768.0013 693104.9045 -647688.2630 866159.0078
511222.7845 -244348.4599 611245.8404 -27409.8508
452640.2997 -875241.2273 805537.6711 -831912.5900
-34787.8457 439480.3981 150177.0450 513654.5391
330229.7158 290330.4908 335640.8219 100294.3804
402315.0517 -859341.2651 760529.4404 -835213.8441
920789.4522 225682.9839 928375.6154 384111.0698
-348768.8312 -907910.0676 -231557.9188 -648469.6877
764272.0497 361172.4056 640181.0344 769640.4322
690776.4252 42764.3041 724320.0198 -276026.0487
-826454.6120 75762.3643 -794777.2753 28913.0986
-221413.0014 154962.1644 -209732.1124 349406.8653
-53936.7285 -398076.2004 201780.8379 302510.8107
-777664.6826 -503354.5024 -755271.3151 -507881.9124
332934.0164 -135866.2333 377571.2378 -27409.1414
-156423.7799 -495272.6044 -50348.3509 -480979.4027
-788960.3787 355948.6760 -669739.8373 546421.0090
840471.3391 -734454.3308 881106.7607 -701159.6933
-319833.1921 790082.1960 -213577.4056 -112653.5850
-386107.5560 45405.2037 -381429.7796 -485468.4612
-628469.1926 696828.3982 -571791.0846 742297.3353
-846505.5750 981569.5347 -328878.2399 993018.1424
21258.2127 765663.4541 36349.2094 858957.7497
653762.5020 408839.0442 674496.4674 377423.0261
-554886.3023 -926890.4991 -464713.3856 -561913.4893
-98356.3081 764100.0750 -38431.0720 858636.7017
-169244.6447 183263.0409 -163209.9764 271548.4452
340944.5568 -335826.9653 414113.6533 34848.0903
157316.0704 -406392.5620 243382.3141 55045.5617
960295.8610 -624329.1940 993815.6373 -413434.3512
-771166.7504 498326.8062 -759904.2300 464267.3136
901924.4363 888.2564 947888.4687 -279265.6062
-78591.2239 -585174.7135 50962.2181 -213615.9274
-223892.6617 -17383.1733 -232076.8724 285735.0829
-251003.1965 -700165.1260 -237729.1071 -684243.3014
-408586.7972 317057.5174 -384376.8511 933497.5060
291069.6324 -549760.3952 321978.8269 -467614.9059
116196.1343 -580378.2980 322777.6940 -433263.0118
-394864.6474 -641418.9295 -327310.7962 -731033.9280
-443476.5701 903293.4511 -414065.3423 804653.9987
146914.3676 577219.3242 425064.4646 798209.0492
-289303.1900 501043.0849 -257122.6036 218946.8823
351442.6607 -665323.4490 368529.2237 -717380.3483
703061.2370 822310.6122 858260.5505 372312.8457
31703.6562 -679160.7734 -81324.6876 -685208.0172
419776.8474 630405.4149 477197.7638 568626.6731
595738.4310 410159.5659 626822.8325 41906.9946
-797029.0992 -214413.5302 -796905.2567 -193834.1001
682252.5481 87782.4376 710155.1854 -48330.7061
828089.8552 -840811.4782 963142.8660 -806657.2730
477197.7638 568626.6731 635349.5777 635192.9145
29606.8087 -90825.2582 33212.1672 440737.4708
-716204.8498 -32382.1195 -643910.1753 -238174.1073
29936.9290 -817199.6956 278580.2322 -577806.6966
-331720.6161 115622.7912 -325159.6873 221545.9381
544831.4544 976892.5122 892641.9760 981492.3171
-746100.9372 81401.3059 -536642.0945 341618.4440
111075.1889 -175825.8784 152476.9916 23809.9997
516326.2540 881791.9988 258841.8223 977241.0328
-800855.1197 593801.6260 -823488.8356 792425.0149
673060.2520 -236858.4799 689075.1989 -15214.9997
-348420.7779 909514.8659 -179269.7976 -848893.9156
-259402.1598 196361.5975 -235120.0453 -60656.6824
-307608.0829 -975745.0557 -127729.4771 -891010.5839
-709726.4194 363527.3705 -683536.7586 426212.1916
-704511.5608 179175.6999 -547520.4216 561103.1538
176200.7959 -560625.1383 218849.7033 -634028.0950
806854.5937 -772376.7741 924888.6775 -679411.5919
612528.0933 465844.4218 660821.4220 224861.4363
916391.9344 -48533.2768 989302.1475 -14872.1417
729890.8595 -125610.3485 792181.4265 -205288.5232
444862.8825 -11233.0931 453858.5975 264929.5154
272516.8597 -272958.1712 370291.7251 -30355.7909
-269403.4361 401246.9257 -268459.9678 416417.6688
309561.7018 -898155.8824 367320.9273 -791869.7054
-197310.6812 319003.6761 -182559.5481 443438.0295
-414900.6129 -38128.9030 -414040.8593 290409.8047
-628594.7037 -417951.9869 -623645.9979 -490334.3079
-340536.6776 984568.8213 -321802.0486 847852.1464
-308504.7041 -582882.6998 -304414.0069 -481029.1348
561671.2711 -229284.9199 598929.2503 -293169.7137
578813.0496 -410638.8444 644547.9312 -298387.3745
891728.6920 -447449.8205 945451.6562 -310585.7638
-944539.7622 -145057.8901 -938802.7926 -463061.6983
-981497.0662 295296.8610 -970317.7851 226125.6307
-25731.9509 -517963.8449 27433.3227 -311192.3258
866487.1973 535832.8549 923721.1312 371240.8454
-637836.3327 586539.4967 -556953.2169 724938.9813
748898.1424 562056.9657 818322.7139 177790.1244
-621112.2999 -560972.3364 -610703.1051 39617.4457
314625.5194 -501954.8525 432423.8284 -241460.8306
961750.3130 544831.3201 987477.8572 521095.2828
804960.4620 -347639.6492 821653.3537 -480662.3353
-485756.4711 290305.5209 -471908.0152 392923.2125
-570207.8942 4625.0232 -532293.4999 -226044.1012
233008.5253 309704.1368 221416.2256 288904.0652
-232841.7986 -360194.0417 -206503.4841 -771206.6854
770287.6096 631465.6277 907398.8783 251601.1964
287218.1139 -917383.1602 891853.9328 -877993.2889
-587673.0507 309959.4672 -486654.4430 517282.1908
-943591.9165 -583266.8073 -881447.2628 -677955.6574
214487.4651 -889600.6551 502966.6149 -685904.4950
647975.3927 540432.8310 777740.3473 -145015.2822
515040.6091 511767.6445 545843.1708 387677.7408
-78702.0083 466956.0256 -24466.1777 560141.3440
8156.9084 933241.7562 221748.0985 833207.4844
875487.9228 776858.6424 938782.3634 676376.4068
494037.6834 -628554.6028 611922.1584 -480591.0524
-61333.3003 -768865.2892 48679.0565 -995199.1239
-53936.7285 -398076.2004 40105.9530 -144880.7564
-535708.6659 -825643.1882 -483916.7990 -404452.7836
770287.6096 631465.6277 796088.0231 716253.4818
36691.2014 533410.2243 140981.4322 663050.0015
-572680.3600 -721640.0994 -534371.4472 -812486.6024
-527836.7383 190557.1106 -427544.1052 189813.7169
666001.7298 268970.1799 713561.4211 -14833.9921
-492189.3649 -384859.8438 -439483.2035 -276448.4596
531476.2344 -417401.9153 561730.6981 -227100.4565
-505375.5078 -919695.0890 -497244.9270 -935249.9753
442331.7735 963527.1670 596760.2096 866570.3672
-948349.0981 871823.2523 -948633.8060 184581.9093
-563965.1500 -349943.6223 -520503.9924 -445929.7966
56775.4320 521998.6527 161013.2957 567458.8431
554419.0189 751173.4074 598818.1525 794745.5133
-947875.5202 899757.5231 -895585.9314 978664.6793
716634.0911 -771434.5310 732714.0396 -802114.8266
92994.2354 157645.4303 109762.7069 93617.6993
-971246.6053 -551383.8652 -745522.6468 -931350.4545
-998626.1677 -475052.5937 -995869.0586 671440.7100
-5133.6741 -840063.0650 44830.3739 -705856.4731
-95296.3372 -119706.2767 -70076.6961 154024.7788
-719697.9471 862695.3577 -535324.5530 964196.1388
-918667.3546 -559404.4282 -656559.1222 -982785.6544
817987.5268 824745.3545 828149.6976 745527.2012
10063.8615 -645524.1850 161017.6547 43908.2109
-10424.1863 -659882.1793 254948.7154 -509934.4928
480552.5059 783260.7337 532260.5359 839827.0131
449484.1549 -564014.4942 462121.7575 -613744.0777
-297511.2552 417757.4224 -295201.6423 417643.2162
-604941.4026 -814047.2350 -637247.7063 -903273.0049
-698116.8724 -424210.5022 -645833.7795 -371130.4606
702610.0165 512549.8557 782285.6277 182923.3887
-207326.9361 604457.3850 -117125.7969 394822.3093
-675580.7537 647839.8177 -650252.6460 676896.6258
-562468.5559 -645762.7845 -511450.8235 -619261.8822
149849.7298 -459458.6440 152337.1669 -209923.5136
398429.0773 -647101.6790 399505.9063 -596506.3206
95673.1872 -921440.5048 166388.6282 -818750.7654
10063.8615 -645524.1850 123013.5865 -579937.3589
242192.0077 -105591.7242 370931.2230 603137.9284
131951.3648 -495593.9912 229311.1507 -395646.1813
763962.5574 543562.6129 900007.9460 243494.7667
-914383.3787 -443991.1730 -903852.7351 -539294.0769
-179269.7976 -848893.9156 -398018.0583 -958612.8655
-911976.9709 813147.7908 -904432.2819 654519.2230
-892254.8939 -133369.4984 -627333.0470 -776735.1373
-680086.8376 -312631.4731 -661691.9781 -272189.3219
332696.9947 720917.3036 343726.5065 661733.6917
-322314.4645 -31513.3462 -311111.2342 -663695.5281
306802.1240 799182.9490 387353.1687 810975.7577
-996724.9806 951607.8536 -984557.3317 442446.2706
633211.6063 -570750.6506 653046.2424 -699286.7078
-861932.3725 -72753.2173 -826136.4804 -181160.0421
-499236.8145 -881609.1513 -460378.7369 -671826.1107
555868.2394 -717017.0794 569806.1354 -657079.0418
742929.5499 -744719.9343 751866.6929 -785850.4120
-624092.8083 499104.3516 -565158.9506 585309.5136
963823.3239 -866367.0654 751081.1556 -926986.8950
183320.1874 -922498.3002 733329.2992 -918681.3631
82319.6065 554860.8644 195391.2500 689776.7379
-269505.9907 721171.5978 -81007.9953 945239.3706
82361.0634 -545677.0951 277967.4838 -358556.3775
-221608.8302 -964889.2194 -44057.7473 -989813.9971
333422.9275 896393.3743 549733.2238 867090.2534
-527035.8017 -975707.9673 -217988.5608 -988478.8009
-800777.0595 111406.9112 -795604.1755 265679.8632
175909.1937 -745965.5451 296055.3318 -637769.1837
-372663.5264 -121093.2949 -358789.9449 100221.9703
419301.1359 285993.8024 503049.6116 393261.4861
32815.6967 726565.5922 228308.9082 819381.0219
-678660.4392 576785.0166 -744301.0077 491478.0035
-289303.1900 501043.0849 -271392.2132 264889.8069
-205746.7256 785531.5148 -194233.8632 730625.1926
293769.3389 -238309.9699 369588.3359 -122793.2300
-559959.7285 131997.5748 -462492.6035 51579.1588
-571362.3772 -971942.2190 -436375.1984 -919528.7278
812375.5380 312714.4647 852558.8141 256668.5302
-455190.8054 -592339.0261 -438529.5524 -541548.0941
-279162.4151 778827.0716 -278769.6497 789017.4336
-161098.6514 -412770.5395 -131452.1936 -369904.7693
814063.2648 -211224.1887 700054.9579 -526122.1074
-769543.9106 -785905.3793 -759519.7293 -760415.1776
-162474.1147 179453.3787 -94922.3265 -56702.3970
503022.2005 -309021.3325 612139.4795 -154611.1638
-924240.4502 41012.2867 -847037.3838 36417.1938
-745775.2943 143529.0874 -602230.8767 570379.3846
695610.6368 -182361.9670 718003.3632 -250731.0578
81924.2591 111115.8341 117067.6503 450877.8380
-343139.5093 -521288.4589 -333416.4678 -505405.7339
-909704.1696 935249.1646 -686481.7743 927970.1973
-925322.3586 632428.1138 -875238.8806 254306.9573
-209732.1124 349406.8653 -178364.3742 268477.1015
668824.3473 873365.8404 810984.3962 802876.0812
-689499.7354 -591972.4205 -680478.7924 -531941.3002
601035.1349 799945.3107 738963.4794 240223.9491
273653.1978 -228383.6432 275688.9569 -198926.7606
-78702.0083 466956.0256 1476.7721 645658.2700
836017.8993 46850.8257 954384.6046 178174.9337
404017.2057 734238.5575 500117.1107 585665.3641
350491.2520 299583.5120 372342.8904 510832.1133
-859740.7022 -256760.8039 -819875.7364 -464699.2216
-312433.4450 630641.2560 -272256.9973 271655.1326
366773.2417 209844.6566 389510.5707 366927.3632
-281497.7499 915545.1465 -203721.4265 970972.9098
19470.7510 -838199.9673 197659.5344 -661732.9068
-480591.8155 -747833.9456 -417104.1236 -469109.5555
-971793.9437 -616457.1827 -820518.9550 -850930.4903
-559959.7285 131997.5748 -485908.7730 120233.7278
30563.7118 -590381.6699 148760.8412 -259513.7712
-611837.6295 601300.4720 -443581.3236 926060.1476
-860283.1230 -440235.6521 -689805.2537 -919714.1716
-552574.4772 -655839.3653 -532884.0498 -719984.0832
-529801.9351 319691.9669 -452543.7644 623788.7644
723587.2154 -617380.1073 800790.5841 -610281.3852
799880.3636 320662.6343 800764.3655 363876.2070
-232841.7986 -360194.0417 -235362.7088 -350664.2988
-661691.9781 -272189.3219 -673566.6260 -247439.9427
431215.0341 -888792.6913 943642.5156 -857125.3138
150742.7549 523784.2121 246343.1565 632235.7531
-97201.2235 -374360.1068 7371.1713 -184044.4473
-413620.3998 139762.6233 -403788.0094 411217.8571
-573679.3950 -941241.4383 -618676.2019 -587452.3600
512290.7375 532878.1489 400395.3728 261825.0826
800176.8192 -350529.3222 847361.7617 -318112.3862
-302327.0986 -324419.5217 -262376.0813 103.2300
-518301.0151 -101541.8036 -457393.7014 -150115.3365
763393.7674 -323558.6866 771502.6558 -193859.1359
-291093.4397 -709159.5917 -239616.1922 -507580.1901
-331590.4301 -494197.0867 -373114.1249 -389538.9908
620397.7935 -102662.1902 622861.5820 -289362.6250
963316.4727 -98113.7358 965532.4330 -186915.7449
276006.1129 -256322.0966 379312.3451 45136.4882
-989528.4870 -927296.6066 -820215.2093 -971340.0422
560323.5091 -808573.7423 652298.0220 -808274.5159
-336327.2960 953484.0711 -333626.9580 824187.2700
502966.6149 -685904.4950 481444.7568 -667253.8718
-352414.8940 -283940.9091 -348024.5359 -373116.4754
-683467.4410 91431.8173 -527666.3770 300154.2743
841207.2195 -305536.3288 864262.7815 -228662.2793
-428481.0429 678271.0991 -396091.6333 668944.7242
960295.8610 -624329.1940 979818.0431 -592132.4461
29936.9290 -817199.6956 114536.2501 -663579.4671
-689805.2537 -919714.1716 -669103.0409 -814149.9255
-997173.6947 -898140.4472 -991738.4437 -640530.9027
-724132.2852 940359.4010 -580747.6801 949528.0920
703832.3364 -601862.6495 727568.6884 -576267.0822
-89816.5700 -119858.2456 -70269.8048 1227.4827
94585.1556 -332861.4443 226922.8777 156711.1083
-970317.7851 226125.6307 -948850.2201 502251.8805
-849607.6229 877099.0170 -877681.6429 553416.2785
669391.7229 -676787.3687 932207.3306 -643176.7492
-111166.5411 -381669.8354 41737.4767 -87925.1314
859758.0048 -431317.3086 877029.9043 -115648.6972
291069.6324 -549760.3952 397835.8365 -395566.9327
649427.3576 -367792.6142 684055.8567 -408838.3358
-381429.7796 -485468.4612 -333950.7310 -498783.8846
413360.5865 -479939.0799 447364.4641 -409781.3283
-249336.0800 842196.8246 -156929.5664 905962.4561
-27808.9535 -678935.1206 52159.9672 -652504.0886
284963.1555 -701840.9473 355725.2226 -760850.9734
-268242.7129 153961.0643 -179814.6828 -824836.1153
796088.0231 716253.4818 684814.8047 846489.6851
-697269.0155 727869.8628 -733880.1589 851346.3495
280678.6784 -93657.1260 449272.1549 479488.6285
-991137.8656 287445.3553 -968019.9969 774702.9461
915941.5831 -508467.3168 961041.1901 -512352.5789
-508461.2132 220430.1784 -455334.4070 377512.6472
963577.4255 -240169.6478 988981.4712 -33478.5420
416313.7366 -77753.0269 420050.5558 -164784.6990
82319.6065 554860.8644 313124.3789 761124.2229
-75006.9580 885730.3712 1915.4873 884285.1852
-793483.5491 -630503.8722 -759937.6425 -741742.6449
978459.9115 981032.8233 799198.4228 923394.6552
839132.8515 860511.7456 954862.4365 880793.1225
371780.5094 -61123.3064 394122.4686 -64849.4516
-383392.4358 449032.0759 -371107.6417 838874.0197
-316823.5496 -912882.0128 -248534.6357 -740193.7069
914962.3785 -705085.3721 919179.9876 -721862.2529
-449289.6041 681219.3047 -436266.1461 618192.2134
580532.5038 114578.1303 594249.6975 52007.2295
518229.1723 -611510.5002 662886.1481 -447497.2983
977109.4153 17744.9216 981626.2405 224993.9710
-961391.1969 -190719.9200 -946955.6679 -494507.3343
-327310.7962 -731033.9280 -302812.5080 -629950.8919
-186358.6799 351045.4668 -119125.9470 139245.9890
452562.8454 -793577.4032 608656.1153 -728369.7822
939224.1067 680742.8510 997062.1068 557323.2361
723587.2154 -617380.1073 772723.4470 -609833.4169
842289.6019 823227.3747 908819.8072 689981.3830
-760263.5856 -9964.3705 -532912.7351 321189.4747
842338.7688 66987.0422 887437.5468 142296.5275
-69265.0758 197858.0383 -62283.2384 158859.3837
-169115.3957 381772.9516 -113605.0386 141749.3573
82614.5933 -272747.3047 114117.2051 -159080.4090
452276.5992 -108141.8824 453216.6768 210829.4313
36070.3638 -48687.2624 111515.5592 419095.2458
381753.2291 -703451.7514 575420.0984 -633040.5625
354494.3645 -351857.1173 359701.0315 -265490.6088
289466.5158 364657.9648 336026.7311 622003.3110
687759.7948 509074.3225 787427.2505 100464.8237
-935968.0977 555294.8937 -935700.0781 261850.8089
-813548.6167 -502300.4426 -798139.9600 -556248.6639
807816.3522 885018.2054 981451.4289 699357.3047
793456.2179 -542327.4211 950378.0838 -453773.6736
675913.9781 -811333.5662 681398.0057 -722517.7968
316498.9270 673357.6457 207490.0027 527476.5699
574492.5430 -767419.6754 636070.4914 -793972.5917
292526.3995 251782.3156 335498.4349 528422.7569
-948080.1943 874031.2170 -885912.6218 989026.8778
-352134.6423 989773.0096 -335716.1333 626521.6128
-64935.4928 992263.9319 908399.4877 985752.0656
-183588.9063 -385011.2196 -154965.7939 -361738.5029
479598.7701 -589440.2775 576131.8583 -484884.3771
384003.3122 854281.8066 516715.0703 855601.1351
896646.5034 641311.9003 941119.7590 504862.9519
469318.0117 256885.9044 482126.5594 66180.7275
-321341.8526 254870.9820 -318617.9252 563251.8555
-109456.7393 652891.8401 -21478.8074 737649.0937
-240923.5901 924670.8912 -181413.3752 952185.2477
-379019.4141 227118.7103 -353569.8708 358560.0275
-689044.6416 -768396.9097 -660152.4835 -777375.0306
88107.2547 937805.6490 116660.7931 927357.6490
235625.4946 80832.1375 299519.1143 436385.4843
-952347.0890 -895900.5988 -935977.4567 -754819.6236
252086.1799 -319909.4267 370434.3104 96104.0022
593374.7694 608303.5681 594769.7639 521345.4210
454813.3421 -378091.0132 608328.0129 -13892.7505
671208.4730 -27213.3252 673294.8909 -68527.1971
-989528.4870 -927296.6066 -851355.5079 -941239.2058
-347227.5947 -803769.8841 -502176.2898 -942856.9492
-959705.4950 85904.9295 -860599.2041 279856.1425
-935700.0781 261850.8089 -925410.0166 337857.9083
261050.6602 -32560.3800 285501.9668 25219.9778
660448.2405 -325644.7774 674004.0576 -365724.1741
-471908.0152 392923.2125 -628929.1259 178106.9928
299824.8282 624114.9095 328526.7015 641288.1124
684609.5367 -979002.7329 975876.3783 -975872.1787
-437105.4591 -137163.5136 -372193.0727 126920.3620
326530.6570 834354.8368 353805.2331 828464.6061
-847845.7431 217717.2825 -828726.9850 65826.2016
-620185.3158 -404924.3996 -615382.7809 -88724.1934
-605350.5059 999647.3895 -419366.2036 993436.1075
647975.3927 540432.8310 657180.4968 457709.2138
825313.5162 702054.2676 832586.2382 727291.3464
500117.1107 585665.3641 497681.1106 661339.7866
-906648.1892 600811.4127 -875553.0437 682685.7719
-156423.7799 -495272.6044 -102291.2091 -730238.8266
-267206.1660 877967.6971 -190825.3120 899266.6380
47497.0200 -246336.0175 166947.5328 122585.8214
385918.6149 -944788.3676 400790.2247 -975799.1913
-606303.5807 -527932.5368 -593328.6141 -682480.5777
-880944.8136 -399344.2902 -849509.4990 -526882.5594
387353.1687 810975.7577 288389.7461 885859.2557
452276.5992 -108141.8824 500244.2158 -27130.1442
1915.4873 884285.1852 -97836.9660 892180.6946
-31498.0543 -182667.0952 -323.6757 -84301.3667
662829.4457 618348.6702 804516.5825 83402.2976
-416548.4877 -349356.4655 -392780.7136 16152.4377
-68309.2189 997153.1020 489855.5570 993089.2654
698402.9894 945353.6282 738415.3417 933884.9575
-136761.1406 -479049.2047 4289.7955 116321.3419
-805641.1381 248458.0408 -803431.3983 152800.1758
-581293.3756 -457141.7140 -572854.5394 -420516.5014
-934768.6980 29834.5574 -829375.5649 -71006.5139
-496334.3413 -552468.6610 -478087.3821 -432366.0588
481489.8700 -50843.1017 557874.7758 340790.0941
272516.8597 -272958.1712 271858.3968 -252713.6519
419352.2451 162798.7224 440481.0324 120513.3772
-871051.1523 493783.9201 -713911.3599 608379.5425
-837051.3385 -845335.2241 -761038.1327 -978090.6540
-265577.5471 -129071.3298 -201574.3429 -839831.5276
748898.1424 562056.9657 714106.8191 767805.1197
519151.1393 -888509.9389 991343.4574 -862898.3896
490897.8252 -283736.9800 504543.8244 -243263.6961
-645867.1727 44379.4461 -642465.2333 -234894.8307
5145.0123 -330470.2367 11457.2829 -321830.7811
-472137.0782 -183617.5269 -455988.5786 -169265.1853
406611.6664 -251322.8577 407330.0159 -191722.2308
142006.6371 -926173.8447 161610.1280 -938919.8322
-528809.7931 -489309.2030 -553074.7799 -580419.2256
639243.2502 -60618.7291 671752.2883 -230153.2297
-334805.1575 -223105.9475 -334152.8556 -88068.2729
-463372.1359 450829.9169 -440219.2718 475273.2998
916391.9344 -48533.2768 941732.8145 -113611.7430
588113.7548 -676826.9506 645170.2633 -717257.5463
-282706.8424 321141.4807 -166890.9466 -695587.1635
335640.8219 100294.3804 363044.8532 221391.1682
127620.0555 -617578.6951 163485.0634 -625831.8144
687874.4061 -670091.3983 767514.5639 -662501.1469
506538.9318 -817405.3523 681867.4677 -837743.3581
-784587.3603 652243.0751 -757535.8187 674303.7789
-362476.5285 -222961.7396 -334226.3795 -251427.5552
583573.3642 505282.8226 675622.9193 111732.4069
101771.0181 861445.8440 40891.8160 844622.4585
-501622.6415 -501754.7575 -500845.0175 -404794.8897
-993978.9750 -19441.2463 -989528.4870 -927296.6066
-602230.8767 570379.3846 -586594.0705 583374.5834
-436576.1454 -350830.3790 -412320.7418 -421150.8742
-158860.6168 -967181.9182 -140915.4437 -928440.4684
167466.8381 266037.5429 111992.9525 164418.7271
-482872.8825 -566400.9882 -423760.8805 -171889.7956
763745.2889 790386.3371 773792.2660 797622.4549
-452146.1027 -97954.9582 -438917.2720 -152448.5362
-369535.0591 -276510.3073 -341133.5211 -449703.3811
845971.7925 -691344.3893 994179.9769 -652063.2772
462342.5747 -322237.1027 565637.8664 -45375.2631
-31484.2164 416563.9771 -7947.6478 352270.4097
-906648.1892 600811.4127 -889827.2283 426170.1662
610188.9368 871320.9671 858451.2713 970228.0432
-42387.9557 -181291.5150 22471.9264 200284.4998
-500845.0175 -404794.8897 -461828.2212 -279604.2707
-981497.0662 295296.8610 -952374.4573 519550.6585
-387909.0163 -754313.7250 -353652.2639 -789072.2863
981451.4289 699357.3047 903712.0481 789164.3251
-467701.3049 -371539.8390 -466891.2513 -351525.9453
-967104.6739 -508878.6581 -964248.0137 -101250.8621
321978.8269 -467614.9059 311881.2594 -478093.7803
-78098.0386 392113.8984 -35767.7115 370330.8053
-958027.5917 -897302.9433 -851536.8950 -936636.7961
-35298.7042 574044.2879 1788.2708 664922.3981
-916722.5064 185982.2444 -916447.6755 308426.3028
959187.2153 853430.9750 980237.9334 722404.8702
-74027.2120 -726619.2999 -65680.7606 -759677.8873
-697763.0648 -520455.8632 -634239.8733 -462656.3801
-788683.8432 371625.4720 -597100.2848 679189.7341
482126.5594 66180.7275 503656.0043 354413.4263
-861216.5559 -111853.2096 -841040.8827 -173764.8651
935545.4704 -327834.4300 936392.0581 -332884.9543
-605965.0008 778294.9126 -591750.7878 902345.6114
-942177.1317 133400.4233 -934498.5902 206885.0194
-125642.6532 814710.0578 -90614.4824 861896.1307
-432661.5937 973592.2338 -418570.8051 990774.9103
606298.9407 353382.5203 634150.5203 222742.6826
869239.8226 -445874.3319 879462.2023 -231239.0891
-494916.3986 -114161.6849 -435798.2233 -159719.0949
-984084.2052 -877268.7215 -975181.8920 -84723.8904
-359675.3003 749050.3549 -341185.5235 597421.3761
316360.6498 940593.4675 425913.6348 904120.1661
-363019.7622 751293.3153 -354040.0352 747897.4348
-758636.2159 269710.0996 -752050.6377 191174.8744
-215137.4770 617493.8434 -205733.3706 697407.0357
609584.9264 753051.2959 615945.7765 719655.8604
183320.1874 -922498.3002 315263.2130 -937418.7251
-534317.4691 -52066.1097 -453048.0678 -123142.8719
-775108.6023 -660936.0857 -698833.7433 -701769.2491
-981287.4258 -904288.4779 -965671.8794 -861060.7932
238226.9912 805164.4342 270473.8319 769662.3230
-427544.1052 189813.7169 -451835.9800 156441.4598
-815556.3038 760361.2060 -785357.0448 748732.3423
-359109.7755 -915522.4059 -289192.0572 -697481.3935
220225.5092 -376820.1031 232983.3680 -272748.5101
-62561.5574 -546650.9755 132711.4549 26101.8648
725067.5100 726972.4159 807445.8596 335172.7572
910788.6611 -45926.5059 914319.9779 -62050.3533
-110071.2313 -884652.5240 -100430.6381 -912884.8774
-955329.9772 64900.3517 -602378.0697 572350.0357
-251003.1965 -700165.1260 -228655.2085 -752803.7104
272085.2002 -983070.3843 355512.0835 -943091.6154
117067.6503 450877.8380 36070.2936 -82201.7989
663519.6546 -515235.6115 679862.3173 -550737.5566
382154.4922 -286785.7391 385150.8870 -277963.2312
144909.6845 335386.4345 258454.6322 569037.2601
901457.2400 170784.3071 910341.6656 194581.5458
-239830.3195 -774194.8757 -237081.9254 -801150.5837
618026.2013 -30112.7522 626346.0153 -139507.7411
-584082.0647 -285217.5636 -552385.1696 -372074.8723
233032.9271 -299753.6763 239878.8516 -139203.6226
618232.3512 538462.2386 623122.2101 597275.3364
-684933.5201 -502445.1469 -673229.6207 -417723.7678
501034.9593 -273284.6780 504314.6131 -352582.4517
-414900.6129 -38128.9030 -438882.0935 630736.4232
948888.6431 -689328.4918 989309.7222 -714744.8983
-614793.5820 268065.1500 -531154.1509 348452.4797
121579.0410 -298907.1570 199779.6312 41432.3420
891728.6920 -447449.8205 913573.7732 -104951.1973
769129.9950 113314.0507 814040.9682 -145662.9250
-532912.7351 321189.4747 -596309.6545 258956.4561
788378.0541 588487.5570 830658.0231 691955.9861
325530.1988 531509.6587 350109.0655 587529.7010
52112.3716 385916.3477 270291.3237 618723.2326
-449289.6041 681219.3047 -490050.5875 623634.9643
-496231.4998 853871.6068 -460686.5755 893540.4198
-879216.5295 -510666.3209 -875395.9867 -441390.7122
488546.4110 -486603.0423 596825.8597 -402781.3884
764272.0497 361172.4056 675199.9096 825842.6820
794497.2112 289816.4183 810735.0377 54755.6641
-143301.4269 -120646.8149 -217164.7828 150084.1245
854894.0076 597455.9814 917240.4039 408804.4639
-396219.0042 417038.6876 -380029.4512 439222.4229
-323786.6679 -875371.2044 -284115.6225 -791701.0925
-854464.0046 -214725.3848 -772483.5781 -380484.6452
-1395.9909 721351.4089 74815.9361 837239.0460
715504.4673 -548451.3367 850547.8047 -181906.4021
266499.2049 994840.5166 385280.1983 998598.8365
-2714.6121 -154331.3086 20149.9950 -14978.2282
-77087.4857 -957038.0093 46322.5474 -999396.5591
272516.8597 -272958.1712 326069.0663 -203714.5740
79052.1357 -911721.9433 259856.6834 -688076.7609
-513573.8904 561227.7534 -459729.5704 756463.3242
482126.5594 66180.7275 495699.7022 284675.6933
-13805.5443 -667280.3121 26184.9707 -358047.6464
107140.0234 -567808.0694 192059.5243 -509757.8024
280678.6784 -93657.1260 306356.3103 -24941.6948
-103358.3451 531158.3207 -81624.6989 487855.2346
-971246.6053 -551383.8652 -892612.8402 -692895.7429
977090.2302 -527560.1148 984292.8543 -624104.1976
-302327.0986 -324419.5217 -257572.3386 -262012.9097
-992932.3733 16594.4156 -759922.4414 346781.5856
-746310.1029 -474808.9926 -710075.5798 -542578.8755
-249336.0800 842196.8246 -271061.7953 776742.1181
493141.8435 -236248.9801 531861.9865 -111868.2306
-177418.1033 221335.4986 -175933.0292 245523.4585
-746100.9372 81401.3059 -581328.1568 334432.2927
939362.4219 -906492.7007 953108.9948 -945822.4996
-606997.3142 -992114.6292 -282966.5035 -996830.4504
223517.1389 -633465.8626 296055.3318 -637769.1837
93570.1722 -974194.4978 225743.6635 -992794.5740
21129.1915 -551293.3631 80798.1354 -311672.5022
-642879.9896 914584.5405 -719697.9471 862695.3577
503656.0043 354413.4263 448693.7597 313728.9436
447178.0956 -738210.7971 596283.5790 -622720.8844
124675.9826 898884.8713 128973.2703 888577.1250
56775.4320 521998.6527 256096.2575 690037.4970
-940331.6601 -564042.1793 -817345.8964 -764147.8851
710565.4203 -596858.2209 775198.8402 -556478.8668
-164741.2570 956205.3358 -132244.8273 942571.5473
248303.3511 109548.4771 260260.1660 80308.3093
-657552.8910 -626822.2885 -631704.1449 -700516.9180
-109456.7393 652891.8401 106354.3900 732126.6399
-522073.8242 -298822.2338 -532293.4999 -226044.1012
-689499.7354 -591972.4205 -801958.9829 -300715.7366
407266.0935 -536521.0029 473297.0692 -636511.6602
725067.5100 726972.4159 799907.6744 311585.8078
612700.8568 -396262.7500 645658.9735 -349543.8717
-758807.7379 -63377.5799 -733445.4675 -66594.8710
585174.9152 608683.6123 613597.1836 624124.3129
-548883.5421 -891740.8028 -446948.2033 -389781.9711
799245.8953 899971.8562 858785.8455 686814.8730
-74763.9355 657481.5468 -72079.3319 585797.6976
354494.3645 -351857.1173 415806.1686 -128774.5686
-757232.1632 498484.5731 -655645.2376 661257.4428
-352134.6423 989773.0096 -110091.3379 990512.8720
383855.3571 30069.1991 396597.3055 91678.9394
-640618.4140 -66539.5335 -628138.2253 -569098.1523
905903.1059 710045.1941 953815.6760 528799.1130
-645833.7795 -371130.4606 -724019.0404 -242404.9378
-891647.6647 178188.3673 -887418.8448 182962.1497
80798.1354 -311672.5022 84679.2809 -188363.9619
-452543.7644 623788.7644 -540151.1495 350151.7794
-489122.1806 390912.9427 -472441.8658 477471.7412
160550.2902 171728.7177 242649.7121 323396.4578
716634.0911 -771434.5310 684773.3764 -735473.0108
222125.9415 -673008.5104 240407.3359 -661491.4551
653762.5020 408839.0442 658599.8782 358386.4623
384745.2325 -311496.0413 483135.8193 -153592.4897
-546661.8590 -509.5345 -483903.4101 54728.3089
647877.5352 588336.9236 769627.4021 110298.6650
-331893.5956 347164.4607 -324233.5544 488517.6275
-876685.5710 -167613.9144 -777230.6295 -292311.0021
766518.1841 -488756.8528 768669.9238 -406582.6905
684055.8567 -408838.3358 650263.3219 -420504.7823
636914.0123 721373.5831 660167.9131 605989.6896
-683467.4410 91431.8173 -733445.4675 -66594.8710
-104583.5539 -522397.7973 -102295.1353 -490035.6014
200870.6955 -277180.9987 219211.9901 -151822.3620
-81324.6876 -685208.0172 -46636.7456 -576608.1443
248303.3511 109548.4771 219471.2613 -214790.1785
640181.0344 769640.4322 663947.7617 767460.1327
-923569.1829 -449930.1899 -912156.7039 -467950.1586
-522396.7031 -48535.9660 -462931.9829 17847.4654
308304.6490 326023.1560 372372.1677 661260.2937
-561565.9764 -370984.9999 -572854.5394 -420516.5014
903574.8313 -372057.6830 916027.7409 -167944.7719
-732295.6471 -95888.1453 -710189.9975 -76436.4261
287035.1192 45937.3192 396969.8727 746059.0539
574190.0585 266198.2134 580913.2553 469439.2405
201302.4729 569366.3016 255170.9792 633263.8810
-891276.7827 -850523.1802 -862714.2915 -886897.1243
-358419.4028 -948641.6000 -194179.9117 -900598.4568
-765434.6022 417965.9067 -662697.3186 598825.8484
632864.1304 969404.1565 803558.3371 976847.2866
-652524.5601 730335.9961 -649110.9730 664423.5902
-432661.5937 973592.2338 -413177.2026 976288.7513
-285566.9201 -715896.1421 -245782.9190 -664964.3063
919596.0389 459197.1752 994432.1882 285172.5878
-44665.7567 -424543.4531 93502.2431 -73831.8035
-771027.2241 -560173.7910 -735225.4499 -559679.7736
-263813.8763 762789.9199 -69823.6523 976657.6729
-581676.3507 -135223.1975 -522278.1706 -441590.3233
-572680.3600 -721640.0994 -578558.0519 -635021.3699
147110.6205 -520481.1560 298237.2303 -420446.5883
-520503.9924 -445929.7966 -434385.8903 -199887.7367
1401.2796 625685.6327 63079.4281 668345.0032
-762462.3892 -402249.6929 -709484.1978 -313237.5955
408233.6566 -962651.5343 605285.8206 -951367.7857
-328628.7729 -385442.3163 -328374.1727 -503333.8956
361041.3265 462323.9851 363182.4600 455724.5537
-841133.2401 456933.8716 -825876.3488 321056.4718
-827311.6720 707459.2598 -823361.6142 710292.4189
533969.9597 -743913.6814 600390.8096 -723418.1389
522771.4268 -18447.1226 548569.5775 136942.8942
-102295.1353 -490035.6014 -90177.5028 -561637.2759
-572680.3600 -721640.0994 -531805.3031 -788779.9696
-11273.3861 -440112.4728 -3147.4911 -405266.2554
176200.7959 -560625.1383 208706.5941 -592738.3271
-809787.6384 -750667.6874 -779746.3274 -864281.1088
575762.0220 725762.5020 609767.0093 710828.3843
-249513.2884 230317.5447 -217423.9965 535125.2658
111515.5592 419095.2458 92029.0701 370725.0877
793456.2179 -542327.4211 866465.1323 -511590.4239
281569.0659 -45006.1351 317038.3718 205029.2047
-524407.2214 143254.1919 -479807.3139 126137.3319
-457075.8615 -758587.5783 -423964.2097 -524115.3696
510838.3887 346104.2791 513610.0861 366461.4050
108117.6939 -548838.5667 247124.1145 -437871.3408
503868.9203 -22957.8608 559649.7550 323222.7321
10063.8615 -645524.1850 189550.6769 -496374.3914
1788.2708 664922.3981 107636.8646 711744.0546
701427.9041 834774.2313 713021.0826 826598.6459
-905427.3696 473166.8676 -899118.6566 386367.9980
615945.7765 719655.8604 601805.6927 789979.3773
-392958.0444 227665.7682 -362607.5033 474680.3289
-307608.0829 -975745.0557 -259660.7918 -922990.5195
-775108.6023 -660936.0857 -762038.3222 -581781.2147
447364.4641 -409781.3283 488416.6673 -425147.5075
512290.7375 532878.1489 430476.1449 573537.9494
-50314.3085 -26458.2422 -23016.6094 78853.0473
-511450.8235 -619261.8822 -484993.8867 -411747.1019
901924.4363 888.2564 910788.6611 -45926.5059
-392958.0444 227665.7682 -400158.7968 124353.9785
564927.9575 -31654.4020 559649.7550 323222.7321
484798.8836 -984927.0697 774188.6385 -972371.3000
-774836.6671 371708.6394 -601810.0474 631898.3548
-903642.8622 328232.5233 -898589.1717 282594.2189
-777230.6295 -292311.0021 -858142.7845 -177049.8048
723850.1266 -136256.8289 726217.5754 -274039.3897
237830.1858 -112717.4039 330093.1145 389415.7313
759653.5682 624511.3219 821837.9336 446727.4393
156732.0859 -14561.8031 175578.5587 70654.4069
506538.9318 -817405.3523 618591.1280 -831161.8743
-975181.8920 -84723.8904 -980669.1276 -434454.1214
-748260.0952 -709226.4766 -708453.3827 -863443.2641
-799317.4271 749726.6879 -692517.6203 657150.7993
-80507.0338 -844644.2393 -5908.3836 -939548.9117
-293403.1280 762180.0989 -247228.9149 847940.1719
-704511.5608 179175.6999 -714979.4608 229898.7486
541970.4684 -668455.1043 605285.7713 -633661.8482
-318617.9252 563251.8555 -328532.4180 350990.3432
280678.6784 -93657.1260 281569.0659 -45006.1351
-972879.7818 -837877.4202 -969771.2474 -804176.0847
-423454.5750 -630374.3958 -408317.4332 -457004.2654
-34787.8457 439480.3981 97947.1524 530469.2256
-834447.5025 684960.3542 -834291.5231 812699.1150
-377503.1543 524132.1361 -351787.4499 547969.5045
148419.6865 331630.0603 210945.3662 442240.3493
598818.1525 794745.5133 582024.2925 825797.7469
-671016.2986 -869186.5284 -646369.1295 -829908.1629
991166.0671 -119340.6346 999120.4863 72220.4936
457275.5669 760955.9742 465088.4173 766105.9535
-44015.3734 38822.9906 14133.0554 370758.3246
392050.1500 522680.8224 485761.8689 536838.9995
-775192.9412 -745512.9970 -768604.4042 -727259.2289
-854693.0051 704565.8504 -817204.5842 593593.1352
621293.6601 221467.0581 664182.7158 -157442.2244
-606097.0912 725546.5194 -592572.6081 742457.3526
270291.3237 618723.2326 46859.6280 402407.3203
-69823.6523 976657.6729 192213.4391 902862.1804
901457.2400 170784.3071 852933.0457 133697.8298
-62063.8973 -647527.6672 -20912.7815 -522826.6082
576131.8583 -484884.3771 504172.1174 -510852.8677
-565158.9506 585309.5136 -714979.4608 229898.7486
-379448.0324 899786.2154 -368968.3231 968377.3957
520576.6817 -450901.6931 550961.3989 -434853.6020
147110.6205 -520481.1560 309226.0602 -404191.8734
-231557.9188 -648469.6877 -229250.7954 -739654.8114
140618.1663 713667.6484 215789.6615 727813.7072
423699.6305 -231779.4802 463053.3154 -149736.4931
-314982.4201 -372958.9808 -305770.0027 -510540.7785
-925410.0166 337857.9083 -920288.1380 397272.4802
770774.3602 311419.1186 640181.0344 769640.4322
794497.2112 289816.4183 820319.0444 75415.6659
574190.0585 266198.2134 593620.2448 118550.4623
-69823.6523 976657.6729 -263827.2767 752502.9414
-638645.0852 -58367.8595 -633281.6301 -178725.3931
-431983.2104 385567.1260 -423657.0166 188645.4483
-861216.5559 -111853.2096 -983766.5034 22870.1020
-78988.8684 480228.7811 -84020.8195 607735.2449
330932.1719 744787.9572 357011.5255 780497.1394
-199581.1749 139336.0885 -188189.7684 106995.1751
781329.6275 -694714.0841 786419.5855 -698381.9896
-875238.8806 254306.9573 -915623.1528 187957.5695
-65697.4759 215814.4195 -14833.7522 336674.3532
684773.3764 -735473.0108 877680.0725 -679191.2852
-80507.0338 -844644.2393 -97635.9204 -856141.6762
296055.3318 -637769.1837 348625.6263 -518179.1010
-633716.7125 -971976.8209 -345612.4311 -994649.2833
-56332.8561 880853.9061 -18321.0476 861166.2019
340944.5568 -335826.9653 346330.9279 -285986.4709
-769507.0286 -398931.2046 -748123.3492 -470948.2250
258841.8223 977241.0328 446436.4744 897376.5596
-302329.6540 780774.2148 -268443.1577 690286.0529
-986223.6246 -44803.0628 -982278.8434 -251047.5227
52112.3716 385916.3477 74105.0833 208185.9401
103376.5162 -21734.5903 168704.0281 128560.5098
-319618.1829 115028.2177 -294354.1768 104120.5481
190299.7459 -49453.4801 235969.5987 205019.5363
-169272.1550 -720082.1710 -282706.8424 321141.4807
552081.1166 800256.4644 553419.4227 743908.7688
601035.1349 799945.3107 715631.7399 263732.1018
-878845.7531 -536008.1354 -850959.2241 -623908.1503
-193815.0987 -350294.7002 -181590.7874 -101687.5515
198265.6567 941608.4107 422397.4007 899523.4464
269139.9267 238588.1563 322589.9625 447881.2989
-729379.2266 -523138.5665 -643040.8863 -674943.6202
-758636.2159 269710.0996 -734111.0105 341562.4107
376003.1848 505142.2403 388081.0831 451445.9035
-815512.9199 470610.5027 -812146.9315 380113.1152
501046.3207 -148050.5669 559636.1818 -14593.3820
981451.4289 699357.3047 970375.7156 783514.9481
-600030.9381 123901.8764 -467939.2356 164859.3657
683103.9633 -656867.7243 753277.8399 -632391.3296
-749472.0451 -192258.3944 -745218.1064 -266070.1981
-208770.8376 587158.6815 -223960.9442 318694.4108
240642.5254 -687201.6494 269554.1517 -656805.1381
44830.3739 -705856.4731 -19745.2143 -781036.3522
499519.0557 -95065.1321 436475.2319 -137901.1808
326625.2202 742727.1839 371399.6103 763201.4145
-972757.7642 -398264.9213 -972499.3069 -272491.6865
-246400.1558 222114.7268 -242009.2192 300836.5164
-759904.2300 464267.3136 -775934.4495 516966.0286
760529.4404 -835213.8441 791352.9100 -775643.9911
582024.2925 825797.7469 677856.2541 764847.0542
-793880.9750 957861.9048 -663459.3421 981519.8292
-219977.3122 -338000.8952 -171286.4267 -819070.6733
810735.0377 54755.6641 954894.9884 236290.2121
-947849.2883 893134.5543 -968558.9500 548756.9983
-684507.3084 948950.0829 -592403.3641 969113.3461
-438882.0935 630736.4232 -476886.6634 410794.6133
489455.4595 396233.9539 506273.8179 393217.0860
693291.1692 296832.4978 704868.3080 205327.9162
-105232.9069 -135927.2722 -158145.2338 -233990.6453
-5908.3836 -939548.9117 -138531.3623 -904597.0742
-291419.6312 -528383.4349 -277918.0404 -513667.8614
205751.3107 816062.8076 210718.2656 833552.6462
866465.1323 -511590.4239 810935.4942 -537665.5851
-435614.9055 709357.3650 -406912.5542 546138.9336
771233.8747 407899.8119 793855.8847 205929.4288
847120.5360 834719.7408 959085.6453 680414.8381
920789.4522 225682.9839 904715.8722 200327.1956
-714742.6147 -608611.7567 -653664.6662 -730162.3507
922161.2493 -305078.9018 943109.8796 -253595.7684
-299433.1402 -649985.7058 -362072.0200 -856458.1434
588065.2825 -622594.4013 611133.6841 -603626.7726
-624092.8083 499104.3516 -707008.9648 257059.5983
726932.4018 -943703.3091 969808.2262 -887333.7719
-795604.1755 265679.8632 -788113.9704 168657.2566
93570.1722 -974194.4978 209002.1860 -770101.5323
379312.3451 45136.4882 368533.1148 -24881.6362
85929.0883 -460610.8098 114329.9679 -409997.8789
-444738.2506 -947904.4070 -423092.4403 -884530.5599
448192.0282 686431.1782 564932.9695 824227.0400
847650.5415 -278307.3472 854615.5243 -198180.5014
-104413.9442 1790.8395 -86099.2633 450493.2496
812375.5380 312714.4647 794573.2291 449572.6164
-731609.4302 706886.1978 -691062.2077 693446.2608
608656.1153 -728369.7822 645170.2633 -717257.5463
149008.2586 872542.9302 239411.6074 848123.5988
237830.1858 -112717.4039 214675.4364 -336740.5189
-214137.0898 405740.8348 -200772.3518 397418.3070
618591.1280 -831161.8743 462566.4209 -840002.9798
-578480.6699 -990871.8205 -422547.4328 -989970.4763
825118.9769 278033.5731 893022.0213 201830.7600
-984557.3317 442446.2706 -967376.6253 940153.0102
457455.9714 387967.0200 467593.9244 397488.6954
-423815.7495 733168.7112 -416253.3117 781750.1061
137736.7088 -767126.1305 177661.7210 -705680.4475
-578963.7597 739572.5745 -559111.3880 769356.0998
225743.6635 -992794.5740 367554.8993 -998439.3585
-785477.6381 736348.4055 -781643.5033 721966.2424
741771.1547 -277411.4928 754933.3631 -243264.7148
507007.4652 -650448.2225 622957.2709 -512348.1251
-105744.8797 989398.9531 -32007.4764 981675.0030
-638448.9737 -654018.7890 -631632.6733 -664938.8802
27747.2268 406197.0546 14133.0554 370758.3246
82361.0634 -545677.0951 143715.1176 -356439.0766
519151.1393 -888509.9389 671146.7243 -882406.7066
810935.4942 -537665.5851 962369.0074 -495453.6765
-248110.3193 -255971.4066 -244386.6728 -318717.8366
381753.2291 -703451.7514 376320.8177 -675121.1529
-497994.4868 647189.6247 -436159.3985 847610.3524
467633.7424 -215750.5473 495914.0985 -131756.3673
-14687.0327 573732.2314 39157.1983 593054.1312
132845.0694 557098.1575 222503.3716 609886.2335
6936.1023 286309.3018 12337.3365 245891.7154
-510219.4123 125842.1638 -470518.2625 123507.7258
-223892.6617 -17383.1733 -151586.3697 -91760.5979
31703.6562 -679160.7734 69069.9167 -631961.3976
623996.3489 -281228.2108 634979.0484 -159169.1979
-554886.3023 -926890.4991 -605866.6675 -686841.4651
983716.8214 356313.8669 941119.7590 504862.9519
301238.8533 -561061.9295 322996.8031 -533323.5889
-552006.2127 -648493.0435 -513769.6471 -623273.8934
10063.8615 -645524.1850 116878.4013 -162036.7084
672564.0784 445317.4092 727625.4937 122698.2197
-883834.4642 409984.0629 -878764.7664 351747.5571
798010.6426 955003.1977 511058.1316 953059.2988
675199.9096 825842.6820 647707.2319 850749.5948
994432.1882 285172.5878 864378.5991 -63955.0214
208706.5941 -592738.3271 185665.5391 -558672.4236
72008.9838 -865926.4209 141576.6268 -736895.4763
-66518.0692 -380885.6123 91098.9685 32633.1898
-692517.6203 657150.7993 -643158.1391 810634.5243
420050.5558 -164784.6990 426752.0749 -132059.9210
175909.1937 -745965.5451 191452.4068 -728037.3314
-163245.6351 -654498.8214 -221784.0168 -137303.7594
-646376.5297 358504.2980 -426062.7806 956273.2297
697313.4184 411006.2886 789330.1420 34684.9247
-648396.0896 142458.1109 -511048.8878 335306.2058
145826.9006 53055.1042 200190.5352 165025.1732
-171561.7069 105668.5851 -195934.6773 130263.1708
-300978.9047 -754115.9544 -271309.0318 -726629.5198
