200
679671.3685 476470.9728 947893.3285 -990671.6302
-548251.0439 67997.1619 7325.5311 -788389.6008
-346509.5237 223424.9580 13676.2703 758349.1195
224904.8939 -738956.1817 380272.1600 968910.5227
-773992.0745 295301.4346 -249794.4738 385286.7675
-704862.2250 791025.2456 -22433.0567 964461.4659
-645880.7786 54948.2359 -305631.3490 -363125.3843
13835.3688 -61873.4738 194563.8986 107242.7097
820830.2469 124153.5111 824898.4455 507060.2223
958300.2291 -325215.6239 964033.9376 -822039.7788
-124661.6624 -124698.3816 50.9649 -249352.7971
328901.2665 175298.6449 420766.8165 719281.2466
-605970.2131 -228645.5233 -570516.4417 -171064.6868
-275622.9700 269254.2378 87477.5492 28303.3163
445994.5734 -469728.5424 792636.1740 -584506.5046
109144.4645 -857330.2442 264365.3527 -23756.5568
-976587.4243 485373.0262 -942921.4842 -246768.0500
249852.6652 -803708.8095 719365.8122 -789654.6437
-22433.0567 964461.4659 -719989.4854 841869.0039
-957570.7737 152460.7891 -661479.9916 -722980.5790
238013.3850 -435015.8836 293441.4139 368590.1243
-634221.6558 -893555.1622 -400509.9618 -441611.9853
228409.1565 -858967.4735 327582.4608 -595824.6679
-898529.3424 611554.6620 -893840.6635 525464.0624
464136.9586 162638.7106 671890.7156 823387.4087
355358.8729 195859.1864 464765.3080 -410129.3904
-241610.1111 -153303.9965 150585.7127 -506843.0678
-435861.8552 486231.0939 -313184.8434 849071.9164
-530975.4399 139842.8629 -6906.2505 43353.7175
-735496.0751 -952449.3345 -249333.8549 -816004.3702
287926.5364 -875177.5235 614259.9939 -903652.2495
3834.6241 849092.2626 176942.9063 471990.0515
-711105.4059 -487278.9061 -551430.1926 -80625.2090
903718.3688 -644170.1627 973661.1952 278813.6086
893689.1150 862782.1645 895628.8351 647377.8368
-964847.2671 357393.4576 -705107.6781 -522838.8613
-913000.7436 -158822.6493 -774865.3073 -470943.4866
-718983.8944 -257800.7287 -697306.5126 -213287.6941
139539.0048 759229.0297 242241.4723 231647.1731
-348213.1425 -412420.5461 -223788.7572 -748512.7048
346925.5973 -491897.0203 421030.5106 -276607.4570
-763607.5625 131171.0235 -549312.1758 27164.5211
-951545.5239 432306.8867 -882069.9488 519301.7834
-784649.0649 426296.7219 -740703.5892 -264739.0695
136306.9664 756212.0188 184501.6622 992848.9745
-606055.5196 779800.4682 -313035.4172 868695.6126
-572562.7818 -526794.6926 -434206.7663 -284328.5932
969895.8012 -495589.5323 988915.3638 923369.4708
711709.2013 92024.1478 797465.2121 -186934.7266
-237094.4610 -479769.4632 -22950.7716 -953017.0698
-383979.8971 148800.3280 32965.2347 644248.0663
-898421.2694 -836722.1039 -793852.7828 -500896.2496
437713.5190 -621008.8213 650589.0785 -784833.3889
-91780.6312 -363528.6434 30223.1439 -560852.6921
-105362.8641 812523.9524 -42541.9853 704272.7900
-906045.0002 473999.6544 -646215.6684 566639.2680
-413121.6491 68591.6807 188671.6964 -162196.6987
-514349.5595 -785076.0377 -474258.8807 -600107.7567
-733367.0508 -921353.7023 -466878.1722 -874998.0841
-913003.0121 853002.7418 -545529.8988 939977.4672
663597.8063 820431.6631 712811.0233 910784.1086
453622.3559 162765.2734 640864.2574 894830.9696
518214.5402 51486.6988 725693.2098 -352749.0388
-883859.4410 -297302.9879 -829784.9484 -377581.3500
823557.4460 242032.1919 868708.3445 -16343.1008
518214.5402 51486.6988 500130.0560 42811.3587
-548251.0439 67997.1619 -103987.5200 -316497.8931
-531228.8702 -433596.3336 -505383.1411 -145396.5183
823557.4460 242032.1919 868611.7168 574641.0346
-375567.8641 406489.4177 -173551.6822 596865.8119
-931468.0946 -983152.9476 -927776.5083 61260.7448
804516.4565 -433567.1108 808773.9670 -386469.0585
-350035.8102 716510.0196 -100964.1091 661703.8176
232322.2593 877036.7638 252120.0535 86143.3460
-759508.9692 -709821.8965 -687091.4422 -785278.8217
-91780.6312 -363528.6434 119480.4756 -883791.4334
-875101.5893 674712.3241 -458387.7232 762725.6536
556116.4921 374389.8704 731556.0439 -117753.5553
-164075.3106 872461.6926 -15641.2969 870501.0366
-508127.0353 -989905.2214 -100980.2300 -852184.9304
-546425.9768 389232.7613 -212525.6157 618984.7109
303728.2822 -949511.5033 824637.1730 -984929.5041
725693.2098 -352749.0388 756471.1018 -403170.7190
969895.8012 -495589.5323 985937.0582 -884533.0598
464136.9586 162638.7106 755885.6630 -385022.8096
-530975.4399 139842.8629 -425294.1233 324609.2448
903718.3688 -644170.1627 936685.5192 -883558.2728
264365.3527 -23756.5568 71855.6738 508327.1924
464136.9586 162638.7106 453622.3559 162765.2734
666046.4648 639263.6905 880856.1381 867163.0957
755885.6630 -385022.8096 756437.7931 -327601.1030
71855.6738 508327.1924 46643.7424 69302.5983
-424184.3659 -607902.4367 -424140.0063 -697773.4481
-112054.6393 619737.4256 -47005.8823 699341.8446
-475507.7390 -125355.8953 -193668.7634 -516059.4103
-546425.9768 389232.7613 -569301.8987 699112.3053
-310702.1948 -964147.7417 -182158.8877 -965422.2268
890291.4586 -274929.1658 898299.3067 260766.5473
-985787.2054 857640.3176 -963528.8143 -358650.2230
-632468.3835 -629991.1392 -553544.3013 -533505.1662
302171.3778 -455905.5391 318175.8420 213027.4730
-454135.8395 -54225.5452 112324.9397 -896771.6772
413652.0881 653034.5842 453674.8717 67806.2421
-718983.8944 -257800.7287 -763607.5625 131171.0235
-79594.3776 -243558.2547 -23416.3130 -345871.5128
-895918.9421 629711.9155 -731994.1634 630516.1722
615981.5840 489175.1986 778250.3807 570093.5642
-237094.4610 -479769.4632 52629.5632 -865636.1523
-799748.3246 -940542.3903 -452126.8919 -494976.7465
824898.4455 507060.2223 761096.2116 616978.1175
368447.0736 467756.3169 387726.6167 974890.9533
410362.1262 944214.4767 809920.3506 961566.2706
725693.2098 -352749.0388 443979.5047 54013.2256
-360567.7197 -584367.9031 -343295.7568 -495954.4707
869068.1227 -778943.4836 886486.0764 -835561.9468
804516.4565 -433567.1108 693229.1776 105503.7128
925393.0759 287848.9933 964330.8144 344270.8667
967819.1592 -701973.1736 980128.8086 -775554.2159
893689.1150 862782.1645 927752.6675 566751.1154
988915.3638 923369.4708 982580.2042 -267654.2971
-164318.4400 -424746.7468 35302.7027 -739254.0755
-260758.5580 -648227.8133 -190109.2476 -623571.6095
-465421.1995 -612654.0722 -334371.1627 -583535.3483
-966778.9972 507116.2045 -933980.3466 680460.3273
-449857.3526 -993458.0248 -300425.4772 -944516.5890
-103987.5200 -316497.8931 -656095.6472 250711.2007
834303.4742 -318750.1022 892509.5566 -476677.4373
731288.9203 -659633.8672 841177.4888 -732907.0899
-440601.5189 785602.1207 -393554.0273 625180.2695
-461967.7620 119747.0628 38687.8708 -80961.0952
150585.7127 -506843.0678 110018.0460 -232379.2818
-860411.0985 983692.9081 -525560.6400 963362.1784
380272.1600 968910.5227 286107.0607 -136161.4871
413652.0881 653034.5842 483595.1872 923523.6563
789042.0189 -496515.0220 877555.2893 -748765.0936
-731770.0992 -422039.1101 -692563.7589 -368446.1210
-837622.4646 418882.5652 -810404.4801 505345.0875
244440.9573 -368229.3437 329919.6333 625975.3471
-278007.0938 638124.8136 -270806.1389 648486.0872
704114.0692 414560.1093 866537.3720 -362654.1282
480793.9877 -204118.5337 523704.3283 -251438.9556
985937.0582 -884533.0598 936685.5192 -883558.2728
-898529.3424 611554.6620 -983112.7001 834783.8169
303728.2822 -949511.5033 -391130.6294 -982967.5135
-721348.5257 309139.2451 -588346.5783 661207.8087
557936.0613 -863456.1179 612672.9708 -802598.2166
-691245.6127 361251.3252 -588108.6029 638975.0712
224439.5660 -843373.4289 249182.5769 -496035.2341
-164075.3106 872461.6926 142222.4302 845731.4861
-283824.2611 -620146.3723 -220387.2286 -843188.2235
-844497.8039 554764.1463 -824927.0986 596356.3634
-580665.5751 -996791.2315 -151737.8637 -842571.5234
590089.3492 352245.7045 695712.5107 82933.8357
-343916.0851 -190836.0055 -281675.8297 -261065.7166
-406936.8905 135892.0406 -277290.6815 355670.1106
-566785.5544 311203.3211 -537129.4712 232350.9912
516271.1289 19427.0587 544451.0638 -52638.9931
-249333.8549 -816004.3702 -292579.7229 -589507.2839
-367049.6850 -15687.0786 -180977.6059 -148038.8180
435668.3275 17633.1343 462024.8417 -258568.1219
958300.2291 -325215.6239 969408.6834 94094.5098
376101.8396 355585.5440 390867.5040 347111.1305
-205326.2870 -318186.9865 -90589.0571 -420787.3918
-991786.3006 -436514.8716 -958971.1333 -565248.7272
995206.2762 -398182.7661 996328.0148 808226.2111
-855188.2794 838554.3025 -210868.8406 938325.8980
-799748.3246 -940542.3903 -731680.4126 -897263.6416
-967952.3881 974485.7776 -937213.7536 818829.6348
-564.9345 826084.7481 223982.0748 260529.0573
112324.9397 -896771.6772 149835.6687 -872715.8158
755885.6630 -385022.8096 552547.9230 63535.1505
445994.5734 -469728.5424 832200.4322 -859415.3220
149835.6687 -872715.8158 923215.6073 -982398.0992
112324.9397 -896771.6772 43519.7449 -813837.1970
13835.3688 -61873.4738 204340.2226 -142241.1127
988915.3638 923369.4708 970916.7905 -500705.7445
-745454.6270 369973.2232 -690820.6101 444107.2964
964330.8144 344270.8667 856681.0004 365941.7801
-454135.8395 -54225.5452 -164103.4405 -303715.5578
-996403.0669 965592.3264 -983690.2364 -261316.9004
792750.5825 603211.0565 895599.3039 886129.7135
136306.9664 756212.0188 157435.7319 856215.7732
27935.2983 610762.6720 62533.4297 563522.5556
-997640.7786 856004.1977 -994464.4399 -565536.9601
255765.9234 522878.7088 271335.4162 359399.5837
-885273.7590 -805678.2354 -729153.0983 -610993.0120
-623365.9779 -125000.0631 -620332.0214 -237784.4044
-17616.1602 237408.6853 40760.5441 209069.4010
625614.9206 124652.0236 682804.2123 -170454.7050
-580631.4572 404768.8963 -484625.6635 354169.3967
464136.9586 162638.7106 621577.9461 752696.6948
149835.6687 -872715.8158 221320.9722 -786292.9346
-282296.0150 194404.6936 84365.0389 11783.6243
-793386.2542 -178111.5394 -777441.7132 -101293.5723
52629.5632 -865636.1523 31000.3465 -775894.7603
-898529.3424 611554.6620 -895918.9421 629711.9155
-596696.8966 -828396.0155 -532464.8042 -724638.2171
-23416.3130 -345871.5128 75846.2647 -438906.5775
-17616.1602 237408.6853 -17563.5782 465034.0881
-804098.2531 984961.4609 -390864.2985 995338.7584
