2000
-483890.9258 28656.3967 542352.4895 -526396.2550
-716839.4670 762294.5007 481094.5346 763834.1361
651714.5533 -741928.4949 664731.0190 -964345.9842
-958053.0101 -134388.8335 598647.4175 592170.8684
773484.6887 518368.2037 880697.0857 351341.8187
-615189.9181 -542110.3086 -202309.5728 -588113.0357
-624758.8671 -801728.0015 333581.3335 -464306.1746
351424.1042 247811.1850 691946.0866 -318620.9603
-557068.6924 392781.5414 -528586.4490 641611.0879
-185869.7864 189896.2605 977941.2403 -663652.6120
-562882.0699 -84546.5760 250026.1423 -441191.2566
-959451.6060 796376.2659 -598727.0430 362646.5727
-688801.7265 -307782.4145 -366147.9173 -452927.8224
437214.1068 236608.0620 911733.7802 995289.1268
859804.1912 25821.8156 922183.6267 -175105.9734
-618721.1626 47945.7888 -175146.1663 724601.8665
91616.3924 777044.7230 317801.4195 839963.8955
507674.9155 -381394.0439 663249.3228 -509139.7304
532698.7748 82378.3960 814300.9570 367735.9283
143665.6168 11086.9317 436462.5764 -197917.9703
173869.9958 814379.1837 463653.6068 959103.3375
481094.5346 763834.1361 -358408.3857 331218.1730
216440.8514 -986960.2552 438516.1334 -913493.6136
-67889.6942 -46901.5557 526117.1936 -384159.6527
-985215.8664 -663597.6319 -704920.2958 -862059.3857
616687.3491 148404.9444 993963.6010 173546.5665
-396198.0233 574048.4794 -183781.9142 719404.5472
229747.4737 -797307.5842 596867.7759 -915375.9870
211324.1238 175124.3200 692831.6741 -439846.3002
207844.2528 -203998.5599 855631.7281 -738845.6010
368042.8393 -650591.0318 391041.1641 -469980.7495
-489937.7825 -778907.2122 -114009.4951 -847389.8572
95332.3712 534172.3187 444662.1419 530406.5826
-662687.4497 864782.1125 -202301.0023 926931.4827
-888479.0466 991397.7147 -598444.6333 925358.2266
-978585.3428 837050.4293 -609238.7135 722824.2709
-944216.0635 -102619.1534 -637963.6437 205586.5523
635679.4973 -19243.7156 840570.1393 -310528.6606
199692.2615 606261.1082 684762.2636 757543.7608
711749.9264 599588.3604 982509.2438 481740.5736
-964324.6185 -535317.8611 -447108.7439 -469746.7934
-587034.3673 -935896.7823 -48845.5379 -868604.1337
-211582.0110 -899302.9196 124975.4592 -881064.8245
704071.4470 -811040.0739 796398.0219 -990056.6490
-271014.1930 -727329.6416 368704.9790 -539097.3151
732264.2364 -193305.2267 826886.4883 -518180.6400
-10750.0750 -651445.1208 437685.8877 -662097.0326
-746621.2938 -321773.8875 -674492.0089 -300932.8874
809023.4095 -840104.3330 827983.9370 -718682.9355
-986200.5292 72113.2317 -852402.1636 514340.9366
-732758.7165 749817.2573 -564533.1624 494230.8479
-648120.5994 -77887.6875 -574628.4983 -87200.7376
-748347.6420 -63710.8302 -446140.6399 -265147.9082
-802424.4293 723869.3928 -510475.1411 284964.9936
-117924.9159 710947.5393 -74253.3428 565782.3359
-400888.7760 -754084.1049 -116727.5664 -818137.3806
-220614.9761 -619777.8833 67887.1755 -485618.8733
-457163.2693 -527049.3598 12211.0266 -499531.8080
-126447.9633 791892.9087 93882.7777 899353.1958
216462.6012 305638.5822 536396.1528 456195.3066
631683.2024 101904.8696 843232.3789 -248826.4088
-39488.5496 284439.2755 144463.0785 354745.2025
-363767.3416 -505165.6140 -16406.8870 -394721.6570
-89882.2506 934775.5938 309260.0955 935941.1865
-507347.0893 861027.2813 -341549.0370 797817.4696
-79545.5931 189998.3466 497536.8994 410262.6539
367712.4213 987191.1823 838487.2760 981195.8496
915347.8992 -582015.2889 942283.3496 -476526.7113
-989546.9593 -213130.0785 -962952.8927 -68571.6105
-799839.1652 -204483.9536 -457284.7089 -279052.7284
109519.1966 -272508.0673 122665.2182 -167191.0747
-23574.2812 258807.6547 210631.9428 382362.6199
130330.6183 -753644.6183 193594.5598 -951491.5669
-441699.9764 272540.2719 -89545.3698 447739.8375
-802601.6139 -588385.6201 -494610.4186 -660585.6832
-916319.8058 914600.7134 -740282.9673 841123.0983
-281993.7002 -201284.7095 476357.5137 -501922.7550
-762944.2550 -641757.0392 -664666.0224 -935746.6976
625394.4692 101279.6730 907251.9990 -384373.4621
435871.9108 196150.1152 697522.4672 -276289.7697
-992731.8846 268241.5637 -859656.3152 587616.7358
-390985.7621 160908.8582 -36653.7046 354982.1512
742435.7138 -768081.0804 907264.9388 -974190.9202
-799043.1313 76245.9109 -686323.3097 279145.0872
-651825.4382 739778.1331 -509547.2982 684662.3260
306217.9860 -341062.5604 456412.3248 -418758.8239
-841349.7878 -229830.0771 -547582.3904 -298621.1516
-289892.4584 -81984.9800 139847.2224 -354088.5119
568902.3223 -585134.0347 855215.0221 -947006.5119
333282.2006 331954.0960 657252.9278 -216485.5147
114700.1541 -743374.8404 316029.5174 -774233.5710
432748.0967 -768586.0007 577284.0086 -738862.1667
-933022.4650 20268.3171 -870779.9729 358006.8678
-976539.3366 -217113.1748 -578683.4247 -450176.4334
155792.7427 -822660.9663 428413.0216 -869366.7717
575122.0561 531122.6517 615047.6584 549888.0435
484670.8194 260135.5849 579118.2081 318241.1091
-593327.8794 -961772.5998 163016.3949 -978341.0919
-909128.2049 -778460.4657 -898594.9645 -894320.5465
-895181.1353 702055.1336 -745117.3201 431905.7312
922795.3308 -340419.8903 934478.4311 -300609.2597
194439.9221 99282.9778 211050.1920 282755.1052
-959451.6060 796376.2659 -561939.3810 263842.5792
-657230.3305 22021.5062 -545958.4141 280788.8192
-579678.5186 -267508.0846 -334836.3670 -345413.8779
33020.3865 375114.0600 165506.3056 496822.0280
435871.9108 196150.1152 450224.1750 141439.8700
-295102.0795 282829.7894 169593.5958 590512.8133
-949500.5884 -136610.0038 -704796.8088 -179189.3329
-274700.4946 686490.5239 -111200.8999 753391.9676
-353301.7635 -760917.8406 -35414.7779 -683856.6149
30393.0065 729921.9828 203579.0237 745599.1063
-198264.1497 -750477.7401 596513.9605 -703007.4396
-287814.8275 957526.4994 18276.8503 970831.7229
-404613.7681 -207472.0967 -309504.6718 -390465.7992
956572.4479 -182604.4010 970240.9671 -353857.1105
-362804.8021 -678944.4557 194003.1158 -489962.7676
-423312.0568 59243.4051 80863.0214 -71681.9063
803852.4917 -643790.2713 862989.0685 -600746.3644
-270863.6142 -381036.5133 -14635.6423 -343447.4368
345148.4847 246588.0616 625472.1456 -322651.0268
727511.7859 -1740.0938 988533.8783 143070.5284
719116.9730 -268944.2556 762700.7837 -490729.0112
-962976.6042 -323937.0016 -796177.3359 -451862.1001
969919.4704 756364.2909 970769.8136 952125.6840
-998242.7411 -516305.4093 -983479.2269 -399886.8830
-900832.1079 -344943.8673 -752369.1260 -398443.7621
-315811.3644 -562760.2194 -162230.7032 -556623.7942
-514678.8133 916448.5427 -409567.0978 993055.8406
250026.1423 -441191.2566 60667.7050 -492145.9114
755762.6653 -63741.3893 990034.8453 -506819.3435
-620644.3406 -934270.7774 -594551.5818 -956950.2054
740956.2577 624576.0971 969625.0008 519981.5002
541394.5303 -843359.2435 645136.5733 -843711.8275
-433686.9998 -957944.9175 -417978.5114 -961078.9232
537637.8011 719295.6200 769288.9736 858990.6455
-863195.7873 -607644.1756 -382365.5301 -450542.7826
-840323.6832 182876.7972 -664115.0262 298378.0610
-683055.1027 -3248.6376 -51367.4234 298386.0897
-728986.5773 592920.5521 -513188.6800 285632.3322
-389068.4048 -700688.5465 -99896.8102 -612950.4151
438486.5522 964905.0764 728170.8780 915635.1729
450061.4186 -830760.3147 642836.0646 -730812.9414
562371.8000 402919.0186 762494.2051 699156.5067
-996272.8732 -850308.8818 -948607.9878 -707190.4140
803778.6537 -419844.1883 953232.9198 -438500.1249
921569.8026 -703697.0772 990135.9060 -903259.8133
488014.9037 755717.2687 738208.5042 870262.3142
441576.4281 -115389.9649 548657.5402 -172483.4103
-569359.1728 685468.7646 -553632.6359 472260.6431
161083.3077 -643169.8812 312374.5680 -586908.1083
-217321.5217 502075.2311 33599.5910 609547.5944
896863.0492 -753716.3920 917821.6177 -952013.4225
-151202.0484 -462742.9246 113526.4803 -434436.4977
517077.4476 -312457.7394 591194.1109 -372910.1185
209104.7210 974351.0688 381936.9384 966807.8580
880697.0857 351341.8187 723573.0929 477288.7844
-859149.9152 -97206.7755 -644083.9097 -15256.5090
770904.9549 627940.6635 928149.0319 951447.1292
528390.4608 115328.4722 704499.5193 420619.9578
-199074.9811 187000.2948 248019.0610 -204467.1487
-334836.3670 -345413.8779 -679524.3012 -117750.1252
-631228.8230 -850409.9696 -493087.4025 -798228.9944
-869571.2411 -454671.7408 -791966.8004 -502774.8130
-824564.0374 -472145.6645 -505016.9143 -455161.0450
129179.8473 -100131.3604 520841.4411 -374433.3213
222419.2816 66467.2210 400208.4481 -169718.7699
-142876.0606 -594288.0055 -124680.7678 -579806.1991
21883.0956 143805.9414 73901.2827 59330.8723
408154.6544 876420.3543 515300.8822 891542.3543
104853.1730 542751.4907 593865.6463 647247.3379
15886.1750 230248.1828 233635.2059 369710.9213
-216129.2861 -494967.2219 -80452.6579 -466690.9614
211898.0863 610927.0254 794946.3591 884098.2862
-75665.0277 -913398.4199 -64821.4048 -937533.6626
197531.2479 -952271.3206 225114.2019 -940506.7570
-529013.8393 612648.3796 -473867.5428 578729.1893
-271901.0187 -998415.4793 15722.4085 -982915.0499
-533636.7602 114484.2009 -433651.3861 222956.0200
265603.3879 -313928.8912 377380.2303 -428737.0142
981080.3929 785945.9010 987599.4790 355864.1961
-587466.6706 -935783.5161 -393708.8571 -864366.3949
-632914.8112 517649.5227 -504679.5628 306009.4104
-213556.7639 208713.9925 240757.7129 -92844.8389
-100997.4707 843060.2142 -24074.0327 896860.1557
303098.9618 688785.9396 339779.8891 708320.6048
438105.8405 225000.8684 627810.3356 -135091.7672
-991904.8225 837527.5426 -843965.3852 678251.7212
-269641.8764 141083.2020 -172496.6138 63122.8663
-416607.4553 -7951.9285 -338350.2876 -79641.9424
33599.5910 609547.5944 -311591.7333 427902.8391
-133385.4752 439893.5772 96112.9803 542544.4531
-705615.0629 -720558.3024 -654639.7516 -826654.6642
-602382.7315 -51226.7752 -501347.6914 39204.6632
-190056.7322 225111.8503 170156.1921 407817.1845
-865593.2225 -846259.2526 -725243.9993 -917287.1975
-350472.0486 246432.3805 -63306.1898 400466.6657
870539.0245 -86969.9698 895253.9927 -100623.3256
-414788.7079 -71820.1920 -194371.3808 -184799.1228
-910758.9872 322663.9104 -868131.5694 509380.5197
485358.4537 863460.6162 576093.1480 922153.0129
-852402.1636 514340.9366 -724447.4722 344420.4572
67387.9765 -718890.2333 281806.7870 -668140.9248
-449797.7277 -924672.3845 -302264.2167 -965301.8004
935766.0830 926993.0822 970013.7759 632364.2110
-309083.0183 -895192.8344 -145304.9159 -844617.1916
-993402.8332 4488.1596 -895960.0868 247149.1836
-273690.0803 835074.2072 -130751.2661 940204.5445
701669.3855 -939167.9450 705305.9770 -959469.5430
-868131.5694 509380.5197 -896441.4529 460661.2592
-839819.9238 709399.8710 -620620.4506 405535.3559
67121.8014 932184.8776 279105.1747 933317.5969
715839.1242 -126106.6704 718315.7825 -85390.8531
220526.4646 -341434.8684 308873.4808 -366564.3667
306192.4208 -755831.0472 432899.1396 -830586.9437
-635682.3431 209770.3172 -625033.1824 205452.8014
222606.6686 -59749.0671 228552.0097 -69043.5112
29000.0229 11847.8311 549657.2270 -373719.6977
-14090.9524 -863770.4833 3066.1786 -812448.5935
-908649.1604 311793.4540 -894131.6401 314047.7250
501959.3527 -460262.7121 504088.4343 -453867.4993
735967.3251 -901651.8443 765450.9547 -984304.2636
-85125.7869 653271.6636 -17528.9145 707641.4802
-976811.3071 -640029.4941 -813471.1635 -697916.6805
428413.0216 -869366.7717 182982.2565 -852441.5803
-439743.3259 342484.8133 -439737.0623 717556.7609
-217171.9393 48.5029 -46029.1329 -81240.5458
473776.6489 262056.4091 824982.9856 790105.7701
917668.1179 -53747.2222 938435.6847 -95390.0861
-760697.8640 872041.3069 -661435.0602 879825.9749
-807142.5286 323049.3132 -772424.7901 240951.0962
-894910.1232 563743.6756 -893949.7339 565894.9092
-402770.7386 268756.3755 -386906.6543 191141.5245
866502.6969 675252.2114 910009.9231 621192.4636
-881492.4884 -965446.1215 -401536.7458 -981901.6608
174712.8913 -722787.5061 340490.4952 -666772.7761
-612631.1724 38917.7839 79433.0141 461188.9520
-917172.3442 -85730.2631 -692693.5256 -852.0135
387027.3887 -953628.7406 616080.7573 -934614.3423
72467.5037 666098.5984 101852.2126 576412.0162
-638131.9810 876640.0864 36408.7487 965499.6310
-149884.7261 179037.4696 311403.8530 421021.3753
487889.9121 -811724.2214 655844.3687 -738493.7346
199100.3860 -30310.1518 206430.4824 -37653.1374
818608.5660 -704117.0984 818907.8300 -708158.2223
-622771.6930 947066.0590 -475054.5053 950248.1841
-847009.9422 985473.1987 -311936.4782 997050.2389
551734.2648 -508226.3883 644666.4870 -594693.1313
-661196.5067 -42496.8439 209046.6073 -439497.8384
568169.7262 113190.4192 775054.2909 268255.2852
749335.4909 556902.4396 933117.0028 468388.7341
-942637.5392 -985784.0979 -939856.2385 -966168.7259
-341953.5864 15646.1339 39649.0484 -221326.3046
92439.7611 381979.8014 121627.9283 419585.4929
610943.5483 -43779.1339 718823.4913 -145311.7165
-592941.4782 568817.0594 -567561.3837 639286.6205
-236558.4142 334871.0585 -95499.9403 433130.0196
662970.7662 171531.3620 960224.5285 263183.2460
-41612.3609 -671266.6492 172959.0087 -664237.8911
98052.6271 -950814.8253 109036.6166 -917076.2741
687764.7630 954661.9262 858354.1849 950465.7592
369452.8724 845475.3624 497625.1112 951651.8230
282422.4409 249417.7583 307625.0558 192787.1202
44347.6862 -611588.1708 263710.4869 -508550.1026
400979.7529 -326265.8649 713024.0886 -552033.4417
-109499.1502 143710.9432 197056.3979 -1858.9682
593690.8966 993522.4576 822350.5170 996147.4936
-837379.3678 -878191.5930 -647125.6189 -969653.7226
-74571.6839 -769881.3090 115682.3465 -744370.8168
915458.1935 -618230.9891 962774.3102 -759376.1291
211868.4374 209655.5166 466373.2670 -34042.3476
885418.1709 -270386.2384 890493.9491 -211567.6531
-332408.9811 -316721.8639 -129049.9052 -289163.8249
-213556.7639 208713.9925 653236.7428 -446951.3172
-48411.6019 728709.4130 75927.6745 760903.4046
-729396.2251 409276.8339 -564374.9035 264246.0109
-521654.1347 -841952.7465 -251081.8378 -831531.9365
-917011.9939 78669.2686 -844340.7557 349578.2030
314073.4303 666353.7256 461481.3868 742995.4295
-746456.7408 815549.8120 -442252.2230 880741.8490
587145.5307 -359709.7663 999817.5333 -679310.9847
346747.5538 693198.6938 767649.3939 895282.3747
-603723.3329 -334051.6444 -524932.9262 -337668.6786
242879.4819 765377.5610 394244.4578 798949.8842
337466.5696 267650.8901 588809.6508 -237318.4674
666495.6802 -933146.3658 737997.3971 -942830.4503
-470274.6163 596412.0095 -456426.6232 332759.6279
280568.4981 842219.4122 283049.0405 837245.0336
238904.3409 304323.9501 386561.2443 127494.3423
-439782.9728 305857.2967 -170857.5254 722224.5559
-270964.7015 211008.7766 55410.6368 350720.0437
378584.4049 643226.2025 652943.1732 730562.6882
-695150.0298 -737851.9330 -627009.9117 -755614.5912
-393591.5885 620538.8188 -259274.2031 733601.7967
-714617.4485 -18379.6692 -471992.3218 142156.4379
-739743.6661 378960.6493 -619549.8542 270446.6080
-997923.7102 -685504.8095 -980315.7767 -413130.2623
768799.9699 922662.7511 781342.1159 911913.7048
28347.0795 -584586.6294 109990.8294 -551957.8524
-563035.1765 765050.6137 -479090.8007 786679.2607
-464941.3209 -784254.1156 -307856.5780 -828887.6218
138563.1786 -234117.3708 215522.7825 -344526.5772
377651.0474 -93920.9376 624458.5087 -368389.2286
-344378.9696 835948.2822 -179193.1632 924535.5066
199942.6121 -642314.7471 201078.3629 -652582.7748
-644319.7040 888628.5503 -395159.8635 927312.3745
-568568.6704 675555.0631 -475607.8228 648652.5141
220171.7643 -625032.4677 357038.8359 -603124.2814
333636.0043 818761.5622 383252.7755 834630.2435
-906382.5362 -524213.0842 -535489.3355 -463913.6278
-155163.5845 -80369.2519 -147594.3431 -35156.6924
-883632.8623 965614.0494 -848351.1642 925141.3219
502560.7113 792031.8202 745651.4421 917198.7689
-306396.9634 -351724.2321 -198371.0053 -351579.2970
579118.2081 318241.1091 518512.5846 253232.2613
939826.4235 848192.8038 944314.7098 699253.6793
77320.7823 121949.9915 90747.8023 57623.3528
-210395.2511 -896428.4925 -134292.6140 -887187.1188
892016.2983 63574.4976 945067.4492 61447.7380
-144115.5246 915911.6222 921.9603 926928.3709
-286187.4666 223657.5667 115493.1442 476438.4982
683196.5996 -147350.5635 723114.0179 -149502.5878
-511116.2626 -738883.8968 -347138.2578 -696215.8767
-765338.9543 262958.9572 -682268.3247 299840.4453
441403.9341 609473.7482 540868.4663 629861.6827
869379.1908 478055.1809 902885.0253 363940.9641
-737160.8736 103271.7762 -670956.6127 93660.9975
-414788.7079 -71820.1920 -302977.1502 -179257.1979
32005.8385 -982959.4552 216546.7267 -977093.0032
-199074.9811 187000.2948 -370335.7410 97767.8860
926948.4157 -334602.8195 984810.2519 -452397.1165
486369.2041 -543641.7744 619507.6606 -578140.8595
163550.3725 -569162.8789 294806.4164 -516777.9907
407352.2421 -286869.0656 783587.3344 -557709.2617
-133024.7826 -506196.3453 233617.8887 -442895.2333
601158.8531 315082.1638 634629.0050 312366.6829
-155258.1737 -789071.5255 24855.9122 -760088.7291
-785877.3428 -216435.9595 -509339.9964 -280835.4523
952105.3394 -5362.4603 968515.3868 -157929.0665
637906.5649 -634638.3214 751295.6715 -748791.5033
-950890.0925 489729.5438 -895237.4442 504599.5548
-373837.4161 14014.3442 -276347.2418 -27625.5620
-322025.9143 -907087.4626 -250382.2400 -904978.2919
-211582.0110 -899302.9196 -137742.6153 -966048.8187
-735430.6215 -656478.8149 -663672.2314 -724204.7673
-865166.2696 -245050.1359 -710870.3799 -293619.1289
-338774.4618 94673.4235 -322615.7370 115703.0206
-215394.4022 -528840.4859 -215085.7756 -523438.4351
-93250.7719 916957.8416 152993.1855 909636.9975
112044.7429 922029.8913 334866.4574 925181.3144
617238.4846 -497448.5126 753270.0336 -590427.5699
660164.1642 -624816.3942 805091.6102 -790321.9452
-578496.3134 -650519.1692 -575826.5167 -659351.5773
201456.0959 -734076.3698 619994.0596 -735709.2662
-652952.7292 629333.1172 -645468.6247 670818.1356
598647.4175 592170.8684 92439.7611 381979.8014
-151333.5084 -903316.9520 -141741.0766 -961210.3564
788699.9542 62467.0598 858758.6996 122191.5646
-284708.9839 -158010.0998 -42409.0494 -254410.5328
-23621.3179 145154.7986 124246.3384 150320.1196
-108761.1851 92454.2281 -106572.2142 -13487.9698
-546246.6826 -294641.5391 -456427.8177 -345732.5150
-734699.9703 751871.3266 -631962.6494 703386.1962
523433.7499 990100.3324 784434.7358 994057.3044
-88716.3227 796857.8016 312483.7815 892072.5116
-958053.0101 -134388.8335 -952057.8315 -108288.2851
-906492.6502 -707824.9719 -869023.8977 -739965.2511
796828.1039 213182.6773 935640.4468 345744.1338
993649.0530 -516066.4968 996663.4131 -318445.2515
293981.0900 -210257.1041 463787.9490 -323620.7478
-884605.3798 -239279.2462 -562191.3844 -443264.3755
-998146.9303 -833664.4152 -983895.6620 -998196.2715
25464.2604 -796260.6939 163803.2880 -896382.8029
755448.1520 538316.0622 878789.8998 421744.8905
266496.8827 120786.8047 339526.0821 82881.9354
121665.5971 -734301.1675 662996.5592 -709032.9982
449372.0040 -515526.4285 538113.9636 -692597.6303
-319960.6097 995517.1955 265250.9596 998073.6296
-199228.7262 982761.9974 -8120.0877 985645.1285
-662353.0294 -35279.5952 -488056.2175 50671.9348
767150.6297 -826382.6361 825180.6191 -904600.4000
662035.9276 -313750.0333 669608.0712 -386419.3071
790053.7758 -196439.0356 885637.5105 -360142.6760
-304058.0973 -963615.9337 -24781.2914 -970702.0639
834825.2860 -916564.3648 893203.6849 -964134.3429
842617.3750 -70983.5964 863892.8735 -171074.0796
496937.7436 -254778.4999 572208.7500 -344833.2345
909021.8499 330006.9739 977784.8976 431607.5041
-547971.5873 -5175.7632 -484300.1107 29781.4036
702550.2683 522113.3066 706794.3054 372905.9156
171640.1644 243618.9221 193630.0931 232292.2533
591348.1176 895336.5513 621283.1603 879870.6481
-980427.8887 -269216.0863 -603810.7983 -437806.6946
487987.6002 147054.8424 530150.9126 74211.9764
496584.8334 978868.3098 866287.9513 975074.8484
-128354.0989 -452838.1634 65864.9112 -433844.2324
-972614.6513 927283.3259 -821945.4376 865030.2453
-120205.0876 300760.2236 -23649.7951 341904.7976
810112.2945 609556.3702 814724.5886 591231.5225
-20972.6716 641284.2911 199146.3907 741213.7395
-909070.8559 83461.0402 -806550.5417 140260.0719
-543778.2091 -194159.7660 -371004.8667 -317878.5781
-209278.0121 -114036.0633 -27233.9394 -184743.4250
-682604.3148 218925.0715 -568928.7424 252084.2326
884619.3698 777633.6707 932793.0299 932000.9546
830735.9860 -188455.4190 959638.9797 -174020.8596
699391.1451 526563.7094 801736.0441 430248.9592
-421212.5014 -887104.5565 -189042.1792 -850309.7526
211808.9708 264417.8510 369790.0077 136918.6930
222755.6774 937750.1367 261083.7750 962524.6753
-721813.6859 -651822.1821 -531006.9509 -700314.6242
-547971.5873 -5175.7632 -421995.3097 -89565.3628
756864.4825 -911151.8481 794136.6900 -971811.3638
977784.8976 431607.5041 921541.2550 349556.0436
-908995.4385 895308.8649 -817506.9883 806281.1313
-417083.3730 85771.6567 -290737.2967 47671.9805
-457638.5074 932761.3174 -280208.5656 942567.9914
-44895.6502 -895406.1003 72088.0589 -974496.3421
820545.6436 289925.5171 896284.3063 331180.7100
647229.4214 320382.0799 669419.5999 248062.1497
406347.8232 -711176.2081 534036.4429 -693495.1529
-895741.3239 808919.1151 -805460.4250 744074.9904
952105.3394 -5362.4603 955663.2747 -84778.8327
-344441.5537 -735971.4066 -236007.1815 -727218.5472
744507.9838 -749946.5906 803883.1986 -832319.5767
312262.0581 561930.7682 501031.4392 601326.3764
-686490.6919 -185429.9425 -467405.0535 -270663.7056
463917.8975 771056.6589 644201.8355 894626.6893
-365006.8538 459333.1975 -337660.6031 602922.6721
250026.1423 -441191.2566 112675.7309 -513414.3667
-421428.7302 -699750.8697 -358813.7055 -658133.3500
-363225.4920 438123.5077 -354873.1804 503617.8907
689773.0428 582783.6984 802834.1600 736560.1563
77685.5387 465810.8951 146645.4191 526970.4423
657766.0116 611042.3625 680493.2068 747259.3363
-141937.8667 240928.3889 -92655.9836 220218.6852
-972687.3389 -794599.3828 -878480.9844 -986885.9057
-617550.6767 -595894.0619 -505431.4607 -599708.4469
535349.9900 328161.6372 657902.2191 485196.6516
-402066.8561 840715.6395 -169649.4390 821195.7821
20550.3745 -187161.5912 80742.9829 -205425.7666
-548794.1813 -770758.9789 -383228.6772 -620092.3411
-50669.2971 36062.4963 2619.2703 -9132.5249
-314503.6059 -299930.9219 -283591.4657 -236312.4810
437214.1068 236608.0620 648850.4360 -146284.0307
-25107.5085 -95140.6506 -5845.8368 -129991.1110
376765.1814 735207.8414 444556.4880 751014.7509
-98190.0825 990273.0155 249048.9889 976610.7787
-159327.2134 -858903.0735 57091.6738 -874020.7544
201730.7542 68486.8627 333379.4592 -103909.3842
501229.9394 -314453.1879 593124.1240 -399109.1907
690278.8374 -231120.3952 694635.2987 -200601.1145
-525767.5672 436560.4500 -503869.8326 431306.3170
-954803.8003 -209122.1789 -842494.6225 -204407.8381
148372.3647 -74914.7628 543830.2396 -365554.8137
-782954.9333 83264.9009 -748721.5175 114246.7776
596867.7759 -915375.9870 193456.7144 -869651.5954
-599326.6689 -530488.3837 -407230.1257 -530678.4931
-707438.7309 -987753.8568 -465836.7977 -980968.4208
475188.8628 261415.2770 541534.8030 200409.1302
109990.8294 -551957.8524 -151636.3537 -657874.2138
-993744.2160 703723.8033 -846939.3808 576978.8135
-827771.0685 -91202.2487 -480292.3049 -249920.1888
304349.3931 592879.9946 392760.7615 645436.4903
-785280.3719 -610117.0060 -571686.1539 -671745.9140
-877492.9418 -610680.7641 -828269.4376 -611635.3489
334101.3782 519333.1665 371397.5408 501996.5820
929746.6372 19573.5849 965868.7872 -167321.6790
-393570.6650 -77119.6625 -283755.8915 -101830.4863
-376226.9675 373080.5128 -181424.7843 576106.0679
-847009.9422 985473.1987 -623102.5582 997576.7292
246059.9412 -110518.6301 668889.5854 -416371.2263
-650878.1399 -806710.9468 -461815.2564 -690355.6440
269352.3211 -947765.5336 297346.7216 -909634.8530
-338596.3009 89576.9481 -321751.2606 92801.8848
-122466.5800 -663150.8840 195711.2678 -539024.7313
-505431.4607 -599708.4469 -641343.2364 -558117.4985
695156.9121 78557.9054 720140.7834 106017.2380
161083.3077 -643169.8812 316869.6813 -589747.6422
253742.1094 801981.2389 321774.5443 833330.0787
-806550.5417 140260.0719 -710151.0849 265407.5071
749591.2642 113430.9145 763654.1138 147528.7594
-718199.1911 213781.4523 -648765.4314 270485.8195
-1292.5895 67158.7705 386218.2706 -206017.2680
142230.1921 812808.9262 188313.6176 835437.5951
-949687.1437 979657.4811 -705395.0455 927800.4730
315074.5106 -658927.8950 452949.2946 -642982.3280
-803592.7260 -518397.3034 -496323.5488 -487365.2902
-827564.8131 -20339.4812 -753076.5637 -7199.4364
-62874.5301 -147382.8686 58992.6887 -143370.4809
-154164.1526 -386295.3228 91809.0838 -391800.4167
476357.5137 -501922.7550 485750.3111 -522860.2357
775656.4524 -585033.9645 789741.5732 -631716.6431
-818514.3329 -826632.1439 -648884.6469 -960672.4991
-420662.6029 -593327.3366 -273787.1253 -612865.0226
-384973.8420 -409743.8278 -266122.1527 -407578.5824
-169342.2559 821833.9380 -86843.3004 812833.1996
375745.7364 256216.8831 622737.1191 -196495.2053
576789.1823 -130327.1054 603350.5262 -186109.3401
-299567.0562 44393.4159 -162192.7721 14008.5066
-366767.2635 -35275.2075 -78752.8618 -228397.6426
818114.8162 784455.9890 859328.6498 872662.4599
-526106.3258 -527427.1705 -406890.1001 -489857.7185
625769.8994 240253.3801 661428.8911 222269.7640
-980473.3096 -427435.2606 -938779.5461 -398360.7681
-287660.1522 -168622.7293 -83391.3493 -277919.8083
-418851.8419 -464643.9636 -291776.8834 -479076.8051
-537546.2278 -400950.9064 -495316.7974 -462940.8979
682211.3368 -413686.5887 732616.5242 -207404.8693
667333.5764 611053.5753 733028.5989 767480.3659
352539.8498 -4747.7783 359799.3738 54303.7766
778991.8782 -924743.5816 915083.7638 -991526.8374
62311.5572 -271882.2351 151659.4959 -350398.7723
-993991.7298 661899.1535 -988686.3921 375722.3708
827972.5428 890148.2064 876019.6372 982134.3702
252125.4109 135916.5073 313170.1627 47744.4390
403299.2209 488360.0563 578395.9491 507334.8351
907149.1426 -197529.0459 932083.3184 -303262.3165
-968813.5609 -601322.4060 -905545.3383 -590465.8277
503300.0883 -429456.2606 802101.1812 -669154.1123
-563035.1765 765050.6137 -378347.9179 796850.2613
-875613.1057 667488.6665 -758972.0899 506575.6443
984638.9996 -325556.4140 993737.8049 -625902.8988
-483084.7140 13532.8082 -352537.0140 -66980.5373
-324804.8710 -393068.2659 -133810.9782 -383584.9099
395182.9657 -979863.2901 698895.7871 -974029.8959
-328766.8816 -32641.4119 -326144.8825 -7461.1496
197531.2479 -952271.3206 314964.2262 -883882.7217
-830367.0878 -794165.4519 -770930.0444 -825003.8751
-758363.0165 520904.3766 -685276.4374 403989.3283
-464157.1640 654901.7559 -447353.6893 654050.4279
258003.5992 -88471.1760 493283.0428 -260386.2144
-341599.3751 988304.7249 -277864.4955 943557.9280
507674.9155 -381394.0439 846549.7666 -606609.8878
-194182.4083 76673.4054 -153261.5671 -1646.8881
-8105.4741 296539.7662 191664.9585 384137.4096
-351305.0116 461762.9950 -308417.7459 542627.6292
-841349.7878 -229830.0771 -507747.7295 -334891.4873
253742.1094 801981.2389 509559.5212 832806.7149
-745798.7994 -796693.1061 -733983.0271 -835077.2626
272766.1664 -286552.6065 409966.5180 -393110.7521
-393591.5885 620538.8188 -385422.3255 662200.0728
365356.6160 -182694.3174 441565.7497 -223852.4714
-646683.0159 841733.3297 -622876.5582 870000.9281
-935086.6231 -222068.0527 -858119.4645 -268319.1142
942764.6464 -562734.8564 963099.6591 -537118.9235
-898482.8504 -733275.5000 -873950.8379 -908320.9632
613270.6175 -269323.2346 618959.8191 -266433.1163
-631962.6494 703386.1962 -615345.4472 679486.4354
-482212.9731 574001.9035 -472430.4236 538464.1380
876193.3805 -680435.6813 946684.3901 -829494.9707
271447.8372 -736918.7160 429563.4222 -744495.2814
977111.0129 -750918.4134 998647.1751 -829298.1494
974389.5177 -147510.5067 975500.1289 -3611.4521
-212998.6393 417910.1807 327327.9976 686602.1721
-501537.1967 -549436.3639 -418372.9783 -560116.0297
-487441.5093 -811538.0653 -393571.6955 -820677.4289
491094.0894 900319.2674 532173.4518 907299.9795
222977.6463 104607.6734 519129.4299 -293884.7762
-101405.0399 85270.8577 1610.6968 -50920.0507
-293260.1508 830091.4745 -280763.1461 769323.1168
-179434.2141 79259.5397 -122125.6682 35777.4820
-718384.9355 936072.4554 -563978.1543 905930.1715
766247.6224 -6719.9049 945514.0897 105573.6079
-437958.5134 632810.8087 -430607.8955 537029.8346
972333.6638 91426.0745 986829.9313 -138957.5459
152166.0963 219303.5446 167659.2086 76574.0993
-71209.9604 130447.5109 16452.7925 166195.3821
-403568.5666 868521.5199 -379076.0254 844662.3041
722548.6952 -817932.7113 727409.2036 -838355.1410
319675.3173 -282909.8493 545791.5636 -458685.5409
52647.6602 145891.9028 223266.3583 -14298.8832
323145.4100 -713661.1023 382240.1289 -663746.3640
-879467.0796 60450.2443 -869634.4634 48864.1729
526307.8139 -216428.8284 570035.0148 -221086.5188
-136214.3380 -848693.9901 -28753.9303 -855997.4867
193594.5598 -951491.5669 156369.3225 -879762.8793
828278.7239 671297.4321 914601.7762 709646.7933
-422687.0257 379836.2372 -381013.5781 463157.3179
-818744.0711 -371955.4130 -717011.3649 -391668.8395
-935148.1563 -777820.3326 -890386.7430 -951967.0035
-799742.9135 777264.7822 -704752.2527 746038.6381
107912.0583 815181.0680 141791.4375 818838.5788
-708813.6321 -559088.9165 -652357.9202 -566651.6471
851713.2482 -901141.3582 884964.7470 -828462.7784
294524.6071 391510.0275 346668.7619 422815.2297
-61417.4498 -354429.1228 97538.0968 -392349.9293
-755981.7703 666107.1407 -730956.7408 699917.6103
994990.2386 -115032.0492 998071.8713 502294.4822
-191852.2122 -206285.5885 -124780.9980 -248508.0014
-432613.0866 660141.6029 -420310.6896 666283.3619
-163496.5130 510423.9598 -150189.5940 517326.9986
-444800.1975 -163483.5915 -359651.2207 -210628.4317
529231.0954 712050.0130 806443.3481 881101.0461
-82797.6743 -215433.1510 25555.7268 -302852.9082
191296.8669 945300.8890 234431.0784 946003.6872
763885.1208 -60640.6852 872180.1744 40240.7511
637906.5649 -634638.3214 679768.0837 -667454.1215
816921.6343 -130231.5932 854136.0813 -161349.1909
-592923.3498 -900119.0784 -503141.6846 -869701.1276
-202870.3174 -695415.9659 -173321.0692 -645337.1494
-365125.5963 -216945.4439 -249260.6642 -232425.6251
-968021.5832 -642588.3658 -834641.9336 -614177.3767
884659.4953 -653128.5326 972720.3242 -854290.5971
476357.5137 -501922.7550 484091.1113 -495045.0571
332764.2569 550522.3838 594367.8225 603494.2944
114892.9748 264380.1463 249831.8324 383455.9059
-866176.1765 405507.5067 -855275.3959 370145.9515
-841349.7878 -229830.0771 -789048.0799 -217657.4774
-511933.3491 287941.7185 -460244.7854 379448.7510
334866.4574 925181.3144 153582.1383 877024.6550
452108.7309 483145.6144 452233.1291 442012.4224
-663672.2314 -724204.7673 -745453.3673 -623929.7681
681359.8310 -17974.9800 689486.9857 -42425.9576
-453557.0640 263780.8729 -419236.5095 247365.0190
-486805.5618 745052.5261 -299679.5026 701959.6810
662571.4520 588959.9756 737092.9692 715638.6064
496937.7436 -254778.4999 519129.4299 -293884.7762
168585.7907 549784.6885 408577.3891 533318.9955
-360498.4498 -738276.0010 -355243.9737 -724018.1228
113003.1321 633793.2066 308325.5428 715237.8092
767649.3939 895282.3747 668919.9080 876661.4197
-888939.5036 837843.4734 -818707.8318 793259.2571
-986204.0124 -587886.8188 -938864.5612 -533564.1755
72467.5037 666098.5984 63374.6435 558484.7103
133946.9344 -379768.1843 262473.4419 -442684.9960
816921.6343 -130231.5932 802976.2150 -55867.8950
966728.8277 553821.8492 988394.1281 968488.7272
416933.8878 792500.6848 447730.0221 824022.4808
666017.5981 278130.4184 764070.1330 443365.3773
404250.9909 266914.0722 449542.0814 274077.7493
996663.4131 -318445.2515 999787.3814 -294940.7697
-716047.5292 -730935.3109 -648978.1909 -844804.0597
21599.0900 -60519.5443 114001.1342 -150130.8045
564818.9007 942343.7450 674722.0822 898155.3002
-203918.7436 -387910.3188 -140342.5594 -397734.6705
-838715.3232 -748010.7210 -804644.2115 -782150.8101
-985215.8664 -663597.6319 -856686.1514 -719209.5255
-984565.3000 982210.3954 -945530.4911 995055.9810
236377.3365 -190079.9792 323976.3291 -246733.1227
12067.0045 -435976.1315 65037.5866 -429126.2405
796818.4369 -471348.4325 855426.6237 -564457.0173
-831393.1752 -710928.5570 -709453.3500 -827773.4084
557479.3004 410157.2170 859981.0232 909095.1785
-727833.5254 511685.2710 -634261.1728 361748.5488
-631832.0179 49722.8563 -442836.8628 348930.1061
-22200.7004 202559.6480 65571.9678 161451.2964
-79527.4688 272319.3747 143482.9950 378319.7891
-905070.6085 699893.1986 -904597.9363 668394.4771
-840295.5574 -174906.5077 -691371.1194 -190379.3034
855201.9643 760603.9923 867499.4765 693751.3646
-169649.4390 821195.7821 -179253.4268 839464.2846
437171.9591 144522.9150 701456.1240 -333481.3776
-721879.9684 36143.8400 -663734.8931 57213.2669
734817.5083 741198.3139 743337.3647 735310.9580
-530429.9366 484921.8648 -520722.8864 560748.3022
-593925.6189 -963755.1753 -212502.2041 -970815.4383
181461.6327 -144706.7991 295934.3217 -241812.4632
-938779.5461 -398360.7681 -824800.7279 -439593.6107
619507.6606 -578140.8595 781489.0757 -689618.6542
479216.4620 268235.5473 559151.4543 308160.9618
669608.0712 -386419.3071 632665.5950 -327745.0520
-152399.6575 991956.9910 853569.7866 985000.2095
-502404.0816 60734.9009 -273110.5056 3838.7616
-989546.9593 -213130.0785 -892488.3326 163680.4279
346747.5538 693198.6938 -231483.0806 393333.7475
860503.9745 -537376.0634 899039.0424 -519903.9492
909021.8499 330006.9739 860601.4001 306876.9981
-764730.0541 527003.2899 -681215.7330 391015.6514
-610493.5903 -269577.7680 -329320.1817 -368682.7073
265603.3879 -313928.8912 293334.6182 -356091.0742
-673778.6056 987825.8254 -505381.3407 964328.1939
15722.4085 -982915.0499 -465658.4675 -977881.8351
320409.4852 -995219.8622 385002.0965 -932212.5032
441920.4577 345333.8547 620283.3927 542475.9622
-306808.9882 -690164.8541 272166.6720 -492655.4375
381236.8706 -797924.3144 397184.3393 -771555.1109
-487300.1853 -651631.8760 -460303.4439 -624828.7123
-4912.2823 -600784.4502 19637.8494 -601561.5981
727487.9317 668762.9644 776586.7844 742731.4896
370389.3495 884171.6172 474338.5395 951968.2450
-349787.8120 -442877.6998 -178808.7204 -398944.7247
899205.2127 648561.8899 958710.4416 665255.5924
-820256.9262 979039.9510 -787887.8034 970835.6320
952873.1488 637802.5147 963541.3911 610847.7030
-197503.1786 470126.5328 -63493.3513 517410.7462
561984.5135 -237724.1605 584378.1370 -259036.6347
-74253.3428 565782.3359 -92783.0821 645944.2563
517402.8061 -623868.5143 628971.7724 -661458.7585
-484300.1107 29781.4036 -201873.5045 -101369.1984
-533779.7018 -341515.2789 -432147.6570 -377061.3296
-852006.8387 -569265.4299 -520952.9667 -491281.4470
5389.1963 503380.1955 419116.2694 726513.9376
-734271.0727 978498.9017 -598237.7471 970828.5932
359335.7166 308968.0786 402926.2917 221374.6727
657252.9278 -216485.5147 642922.7762 -201647.7191
723428.2258 24613.0709 757804.1226 68789.0658
78803.6223 -837986.8528 92154.7237 -860532.4146
-2398.4639 -674523.8980 77597.4760 -710696.1651
-632135.7212 -100176.5990 -452764.5925 -198011.6245
152039.4605 109192.3945 182548.3222 38098.8783
223632.5204 -325823.2167 253424.3310 -342596.9275
457726.5926 20015.5407 663324.7880 -392134.4867
124975.4592 -881064.8245 177200.5159 -958445.4140
-576016.6678 -829814.7553 -429957.1296 -817801.7567
-744649.7852 118253.5892 -744343.2183 166289.8554
-298783.4070 -757371.0109 -217610.6061 -754263.6843
-838446.0661 -84641.4789 -242256.8302 191169.0834
732932.6904 -179853.6985 799511.9923 -397295.1622
205392.6914 -604896.9092 377316.8537 -538659.9221
173457.4907 307517.1958 323864.2958 392069.8609
-409291.5930 365004.0752 -248613.6094 607484.8446
-710151.0849 265407.5071 -839032.7668 145787.1793
-479090.8007 786679.2607 -574077.8347 772046.6780
-202977.2033 342409.6751 -79379.4075 405479.4708
-381635.5070 240584.9179 -331758.0201 311370.2239
-951727.0494 708789.3462 -875183.9102 612660.6216
189966.8941 663196.2267 270018.8370 682305.2669
794946.3591 884098.2862 404305.7798 694855.7148
735442.9232 -229740.4670 757364.4417 -336074.9475
-440690.1780 768385.8973 200029.5693 771168.6735
970240.9671 -353857.1105 967505.5863 -269017.9376
-879913.3191 -815465.0490 -829280.3130 -853530.7017
600922.1129 345788.0552 666973.9769 477650.1679
441103.9833 -565516.2636 490019.3917 -688568.1879
-194847.8812 -650016.1775 12848.4440 -571664.9223
759150.0270 367556.8881 830396.4688 383183.5247
321272.1119 -892366.6508 399559.3655 -913378.0740
-420554.8170 892459.2831 -347082.8461 853604.3969
-120973.9853 845645.2401 -78831.6826 864109.6886
803651.6781 615659.4298 921072.5416 546101.1743
-367150.1865 316388.1628 -88374.7741 464393.7139
126839.8168 8162.1956 240500.1909 -87715.6721
-621279.9738 883535.3371 -4122.2340 962846.3618
692317.5407 173644.0509 795913.7484 192886.8485
278153.0401 630926.2839 675626.0302 806699.2907
-874892.9201 -124501.5768 -627764.5273 -191608.6675
459919.3341 28354.1891 566157.3405 -131618.2800
669210.3912 -780174.5593 679088.2384 -885378.1710
-153033.8000 785094.1786 -151084.1500 777352.1100
373559.1573 468611.8471 383756.2227 475467.3064
-601408.7536 -819187.6591 -376236.6308 -728551.6526
-934576.7425 -9293.9750 -796488.6076 65766.4005
-872060.3651 967906.3111 -722784.0970 939034.8113
-124414.8694 -814873.2342 -48284.6790 -833867.3108
-155544.6370 335598.2652 151506.6663 506364.6563
-892488.3326 163680.4279 -824837.5575 353216.4048
828476.8180 21227.4424 950725.3001 109159.4394
-787774.6254 848486.8236 -736511.3704 827447.3987
-399130.4622 -402020.2037 -325533.0529 -379603.1566
-624271.4065 -983171.9311 -571017.2594 -983834.7314
-414662.2123 343052.0749 -212306.8369 634631.9132
711749.9264 599588.3604 746466.2260 597099.1421
391292.5885 -870307.0260 476980.2855 -897369.8173
-341953.5864 15646.1339 -130852.4655 -111031.0955
438486.5522 964905.0764 279332.2959 886502.7853
-967322.3363 -620834.4917 -911013.3594 -627126.7644
-850202.8356 721590.3874 -763751.2222 730248.7054
-869166.5628 -694195.4463 -788637.0523 -761393.5634
-624828.4520 684044.2498 -608622.4863 675561.0755
-511464.2566 344934.1751 -503957.5894 338470.7084
-771156.4743 802735.5204 -387700.9248 808430.7190
-118660.5248 -137067.4540 -18464.2625 -188209.0144
61794.6573 -933275.7317 65482.1326 -926576.9560
338950.5474 910598.9407 382127.1011 932598.1060
444662.1419 530406.5826 535581.5995 572770.0081
934478.4311 -300609.2597 942805.3561 -248427.9002
154160.8825 702652.6360 410364.8082 734248.6686
-981435.2530 500847.8639 -894547.7686 555164.6039
-337745.5908 -682082.0742 150644.9799 -522919.2742
-132095.4552 743749.8068 -55726.6910 574868.3733
-161077.8649 -543995.6562 -133640.0017 -549621.6228
52968.4661 974493.6954 474852.7141 974482.7115
-705905.3175 -720436.3059 -650315.7768 -726632.4148
-63698.1791 -942732.1051 -20832.5380 -970197.5193
431920.8657 217001.6796 708403.3668 -289714.1018
742459.5963 226202.1555 818067.2765 310796.4209
297836.0469 -996383.2096 765027.2893 -987262.9853
860503.9745 -537376.0634 848070.6152 -448381.6157
-173321.0692 -645337.1494 10927.2597 -585947.2878
-893114.0688 38078.5175 -821673.9321 68320.9719
378097.8286 -965745.2138 547312.4155 -967974.3774
-561562.5203 -529456.6222 -143908.0856 -508487.4336
-545958.4141 280788.8192 -574679.5712 326137.8631
-74253.3428 565782.3359 -192034.3363 679419.4260
133090.5929 -759132.3498 538253.6515 -857288.5824
-302683.8588 545738.4330 -293124.6438 556219.5638
-169342.2559 821833.9380 -160883.1321 821418.2803
-869972.7347 531650.3119 -658085.4339 342948.1007
602457.0155 -857664.1171 661658.7122 -948907.1999
173457.4907 307517.1958 280913.6509 358935.2442
-565405.1136 -154682.0446 -400548.8831 -253187.8231
574910.7588 249464.2286 617798.0334 358124.5541
450061.4186 -830760.3147 406667.7059 -778738.7029
441920.4577 345333.8547 555008.9408 431123.6674
425730.2518 -988147.3634 543789.4040 -980290.0883
-997332.2361 -136815.0286 -936861.4658 50162.7129
-549145.7289 -372183.5658 -406295.6816 -448555.2543
-618086.5260 -697159.0365 -532345.2667 -702695.3554
-21782.2578 346720.4589 7654.0688 349474.1820
-215085.7756 -523438.4351 -260829.6177 -550073.6358
37427.1511 56189.6863 264360.3175 -35514.7194
-271496.7080 391599.0662 -249795.7722 403728.4442
207844.2528 -203998.5599 780723.7547 -638662.0596
120507.9430 55731.0230 135430.3095 39954.6677
894026.9836 683778.2554 950674.5998 678526.7079
911733.7802 995289.1268 802834.1600 736560.1563
669100.0843 -900994.1532 688494.3376 -900770.7740
714326.2293 110098.6675 837366.8583 115780.6905
-988373.8570 -28276.5905 -967164.2438 -11513.7549
-847009.9422 985473.1987 -842160.7442 995701.2002
-804264.6302 -964753.0843 -779802.1438 -950249.0952
121665.5971 -734301.1675 -198962.6171 -788811.4071
-22121.4513 830576.3416 254874.1144 884362.3135
705262.3332 632218.8832 802700.5494 780457.7982
609502.4585 21971.2346 726427.3640 -141124.0493
-630017.8049 -729332.5955 -557663.7674 -719115.8592
242765.6672 -833707.0208 399705.6041 -856980.4577
-187229.6785 250887.6528 24542.6383 355646.2846
-180421.0384 846700.5843 -80628.5469 884922.0195
966146.9965 -13856.9281 979802.9110 -372288.2780
-775857.1052 864524.6758 -728513.9043 858148.7391
83744.7563 206935.2290 86677.7638 246492.1464
203462.2108 756846.7639 385790.9874 740006.5389
835468.0221 599031.2320 902672.8322 622084.0598
-45554.7127 422289.5131 -44299.2940 444462.6712
198394.0821 330395.4285 213432.2109 349514.8946
18171.7384 -994073.9151 260526.8934 -986386.4664
-946506.4251 -165091.4453 -695285.2003 -247297.1783
52968.4661 974493.6954 95157.9426 977423.7742
-232905.6746 -428261.0497 -115997.0345 -408617.0686
761819.2376 422280.0233 830181.9051 385275.1694
704058.8909 807132.4908 712093.2238 791086.7056
-115042.2409 -947886.0426 -54465.8506 -959786.8941
-617870.2281 45348.9773 -466018.2871 130123.9948
368446.3859 968392.4047 670114.2375 957450.9052
290490.6510 19726.3380 417399.5762 -118579.4715
439849.7102 94338.7181 505018.4355 -8344.0175
-195431.2659 -500938.6265 -82421.0654 -497416.9538
775223.6547 240034.9921 880339.5088 297625.7230
911906.0517 -780570.9053 928344.1735 -993868.6796
657766.0116 611042.3625 330092.3757 545659.4708
-237357.0534 453360.9799 -19108.6792 562956.4939
-160883.1321 821418.2803 -180421.0384 846700.5843
-202977.2033 342409.6751 78368.3916 467625.0296
838025.3963 -337275.4819 876970.4531 -427030.4616
396892.3197 398830.6993 419632.3785 452075.6027
78368.3916 467625.0296 31433.8649 450134.8381
277882.1562 -871000.6951 422711.6104 -887486.6212
-778079.9608 -566682.4578 -775173.5769 -574928.9268
463653.6068 959103.3375 318679.9899 860729.6780
14460.8707 -510993.3094 132890.8763 -496493.2127
579053.3935 63694.5290 661066.9912 -88601.7528
194439.9221 99282.9778 225568.2509 118121.0636
-817151.7486 -704961.9818 -773482.7287 -732868.6730
-42284.4933 -897472.9622 38759.1082 -960683.0148
697522.4672 -276289.7697 428345.0072 209897.1707
92593.4026 796040.8709 117165.2683 827249.9487
-730257.9755 632630.4052 -553880.1104 444619.0045
-999131.7245 -46733.8175 -965953.6963 -13771.5909
151229.4914 963824.8478 152736.0861 960761.3999
522255.4187 867746.4816 526030.0104 862776.3675
-934949.8203 -138403.1052 -879624.2891 -143027.7243
-381013.5781 463157.3179 -407418.6800 524166.2416
382093.5208 -851363.0781 568941.1576 -906754.7621
626075.9994 732159.5855 740433.0916 774216.0672
-641197.2554 392110.6955 -631341.9654 395685.2578
763885.1208 -60640.6852 840405.0850 28201.1181
128158.3947 -789551.0807 134882.8850 -770740.7652
767951.8535 706180.2276 800789.1509 761800.7354
690450.1835 -799573.0990 730452.2547 -810604.7778
336829.2983 425599.1380 393726.8310 445833.1932
-563149.2261 99713.3624 -538246.4915 154479.8168
858553.3835 -506780.0108 891862.2041 -432739.1544
-580739.8768 457839.7652 -575053.7939 457157.0951
-287660.1522 -168622.7293 -153884.8123 -245480.1343
845326.5738 -754387.3683 862865.1786 -860442.0781
9792.7862 845530.9095 180158.3679 877555.3223
-439265.7481 -370346.0592 -370227.6735 -392033.4437
-260651.3473 -599516.9034 -258909.5443 -594056.9895
99607.3779 -210763.8843 104346.6294 -247261.5001
-384923.0756 -922214.0204 -342775.3928 -946388.3996
-838436.1350 324739.9625 -815202.3455 417456.8639
-813252.1194 -815280.9348 -667908.4780 -945564.6320
-828269.4376 -611635.3489 -824716.1302 -619399.9768
-353721.2933 -782353.0182 -171203.6469 -831519.3143
288179.8635 144427.8014 323748.9904 118113.9672
-958528.6914 -964689.0699 -936625.7462 -910825.8583
-972917.5038 290091.9441 -963101.5487 267199.1034
-957300.2760 -592559.1740 -718833.7815 -543064.9570
-355730.2782 -465484.6834 -226823.4944 -450999.3806
796398.3872 638747.4226 948317.4786 979854.3163
-732758.7165 749817.2573 -707330.0585 732486.3836
-195753.6969 883429.7132 -184045.9194 892251.8757
-767784.8998 -581440.9486 -520078.9235 -609413.5663
-818707.8318 793259.2571 -712290.9460 795075.9149
640209.6162 535276.7296 687713.5071 607398.9093
-566791.9034 -142389.1209 -467751.8687 -201252.4455
210631.9428 382362.6199 373559.1573 468611.8471
566157.3405 -131618.2800 529380.7098 -110654.1491
-125979.4516 132927.4142 183706.1195 -123124.0379
-23994.9736 -659509.6126 131059.2818 -660081.7418
-473107.7148 122634.3973 -460604.3297 119309.7057
277120.7499 184240.0710 295809.0395 196586.7584
914020.9133 -206359.7865 925764.2499 -210968.6175
-489755.6186 571644.0455 -471272.0971 500178.4065
-236558.4142 334871.0585 -295082.5048 290532.3242
932669.2237 -648062.7430 974203.9204 -785469.1278
-981472.1556 9055.3889 -977045.8346 27180.2414
733320.0729 -200250.2840 795515.3159 -476609.1843
223266.3583 -14298.8832 104356.3559 134700.6056
-546246.6826 -294641.5391 -484898.1509 -351256.8036
779114.5924 490953.4348 819294.6367 440244.9009
-863353.0721 -40745.8509 -826141.5407 -48328.4332
-399951.6810 83600.8164 -244180.8828 53838.6954
428158.3807 -397487.0377 516411.3171 -458957.1272
900172.5816 -220784.9706 908904.0292 -272446.2794
993963.6010 173546.5665 991714.9774 955956.2844
820300.6519 -124693.3503 842893.5036 -127825.0196
-986204.0124 -587886.8188 -723310.2549 -537803.2056
674860.7449 284291.1458 758345.6776 383087.6655
-183543.6122 -718136.2889 -40604.4258 -674563.2049
-747052.8512 -191917.8896 -634424.6569 -229305.6554
718315.7825 -85390.8531 867740.0078 -349776.6553
988533.8783 143070.5284 876705.1649 78262.9503
574856.9310 771491.0945 655260.3034 813597.9244
326142.6565 234043.4598 456221.7981 9909.6654
-570385.9611 -920279.2240 -462575.0132 -861163.1175
-36034.7032 279939.3658 -35793.4207 241036.1937
-441478.1975 123557.1786 -266775.2024 204296.5500
-589851.2160 367162.1704 -550365.8285 302683.6163
-488323.3079 -289865.4537 -448974.1082 -301933.7772
795375.0131 -863187.5803 824483.7171 -876653.7272
258061.3720 -16972.3452 314931.6156 -83710.7576
55979.1671 -699706.7865 103460.2669 -667360.0537
-257193.2955 737399.3665 -105953.3606 760799.5463
-202309.5728 -588113.0357 -262940.4004 -630757.4948
-339346.6476 539629.3984 -224046.9974 683450.4675
-787166.5691 358465.3747 -773620.3504 354202.7620
-966198.7933 309881.9639 -915081.4080 387009.7706
-697639.6308 -136041.4184 -585659.2755 -197991.3152
547312.4155 -967974.3774 620861.5203 -974605.9040
-559691.1887 65078.1594 -243801.4579 232303.0509
261034.6880 101460.6063 279695.9320 28548.0161
342130.3817 -289031.4593 848525.7133 -681772.1305
-650878.1399 -806710.9468 -394671.8541 -621780.5891
-844094.0740 792549.8843 -737331.8543 715113.5676
-402562.3058 156648.5479 -250189.0043 246626.8199
-140922.9454 -560340.7083 -90019.0726 -538827.9587
148257.7490 -40959.4344 349167.7046 -200500.5258
-179568.9112 173809.3638 20345.1385 25871.2167
794946.3591 884098.2862 388096.6172 704349.5562
-934576.7425 -9293.9750 -920825.9247 -17681.5210
-615727.3646 -809374.2236 -595257.9296 -793815.9912
438486.5522 964905.0764 799865.3883 947853.5468
808811.0535 400883.6914 848724.9242 376856.2995
365708.7594 328239.7690 467595.4370 162722.5286
-480776.3375 993284.3736 -44328.3773 995446.9352
-273690.0803 835074.2072 -51083.1215 896384.1103
-832365.2611 -398570.2136 -728413.8028 -425654.6864
-727496.7349 738906.2856 -665746.0134 632239.3309
-619549.8542 270446.6080 -677789.0044 272158.6425
538113.9636 -692597.6303 320930.1100 -718400.4616
613363.7325 335171.6154 677527.3367 448752.0747
-538246.4915 154479.8168 -191925.4568 662926.3814
745741.7802 384360.9434 793771.2935 396690.5202
24855.9122 -760088.7291 128158.3947 -789551.0807
954969.3641 -242304.6437 962727.4112 -366664.4694
-593348.0834 633775.2480 -573077.5721 639058.2290
463410.1053 -828011.7723 573817.4322 -857201.2771
317801.4195 839963.8955 91318.7553 784152.6690
438631.3330 148137.6852 619885.7882 -165708.5180
-191799.0748 -817348.0208 -88264.1944 -842625.2160
-852402.1636 514340.9366 -902709.6978 336510.1663
33599.5910 609547.5944 28152.9705 631692.7640
778753.9146 282828.2313 798620.5229 321935.5229
346668.7619 422815.2297 323959.6941 419873.2000
-898482.8504 -733275.5000 -681956.7243 -887700.6659
678791.7133 377961.1988 689542.3566 484337.5047
-559073.9541 311587.9379 -537522.1635 265250.4671
383116.2518 982585.3945 642280.9992 982053.7086
153382.9019 -626237.5518 162854.5562 -605588.4676
887648.1215 32173.7417 946795.0367 30809.8752
962727.4112 -366664.4694 961348.1063 -334810.9547
-533807.4868 -368663.3655 -427569.0293 -421983.4000
-107989.6591 -316051.0954 -92637.1026 -312353.7268
-648120.5994 -77887.6875 -445090.1359 -154660.6688
425481.9258 641199.6674 505235.2453 667001.8825
383252.7755 834630.2435 526030.0104 862776.3675
-520127.3029 -612362.2972 -390904.6970 -608610.2273
300979.0349 -150232.3705 407559.5637 -221961.9435
-242379.2908 810954.4881 -196800.8502 793798.5023
642836.0646 -730812.9414 574261.3707 -719950.1320
678791.7133 377961.1988 681235.1732 427513.9927
692050.4374 68382.1002 709054.1290 41790.8324
452571.6269 -4287.3837 494402.5484 -66590.2421
99710.2805 418762.3655 138060.4536 451439.7308
-295082.5048 290532.3242 -332519.4554 261403.0080
-975336.6331 -836222.8364 -966080.2385 -821349.6447
-445834.1073 -989015.7450 -156443.0280 -986743.8985
723114.0179 -149502.5878 802671.4276 -327698.4803
-790862.1194 -72477.0693 -756326.5252 -83974.4682
546599.7972 -381318.3599 791119.4130 -543375.7100
-827877.7646 -395132.8368 -788046.8049 -402909.0717
87772.8085 902884.9825 113380.4659 898441.0606
383116.2518 982585.3945 41551.3180 989695.9170
-1292.5895 67158.7705 176327.9787 -55220.4537
265372.0094 -525874.9523 369844.5178 -476556.6721
951355.6824 921208.4311 968108.6213 703910.3140
-897943.1716 -25589.7192 -760355.1247 88077.7746
-578683.4247 -450176.4334 -918376.3470 -256395.9502
-661435.0602 879825.9749 -720007.9136 849715.1244
-964930.9137 -321925.9708 -832425.4400 -388646.8048
184170.1264 -253670.1657 252112.3125 -293181.6749
896304.0520 -41667.3096 935105.9558 -167701.8140
-949500.5884 -136610.0038 -686490.6919 -185429.9425
-146516.1083 98503.3705 -123986.1010 101239.8585
279332.2959 886502.7853 2194.5647 823973.8484
173623.0517 836748.7475 173979.2781 837032.1684
-192831.3952 -688090.4688 99500.4815 -617913.0526
-389068.4048 -700688.5465 -103847.5773 -606702.2712
-120973.9853 845645.2401 -80628.5469 884922.0195
537033.7077 -78473.0403 558276.4302 -99133.4860
535349.9900 328161.6372 677520.3316 566888.2556
321774.5443 833330.0787 370389.3495 884171.6172
-360433.3613 592810.4544 -261685.3827 656998.7073
-212314.6324 -730214.2046 -134769.8353 -722311.7103
1684.4246 -436562.2409 63221.3922 -425322.9092
-24359.5609 762381.7340 237252.9470 762992.7309
-958711.6657 965183.9751 -873944.0292 951049.1673
-692693.5256 -852.0135 -572999.4263 232268.6720
610943.5483 -43779.1339 613955.5483 -50364.5860
233979.0759 -796325.0698 522078.9327 -859272.9671
-197503.1786 470126.5328 -281079.8875 393387.0854
-89847.8948 -9189.7111 -26079.7934 -14666.4259
-97510.0892 -164248.2437 175679.0143 -318977.5192
-721933.8954 160295.1752 -714485.3312 200588.9609
439782.8130 -510579.1956 479207.5700 -586357.7451
-481737.3843 -35547.6323 -437048.1690 -22590.8955
-465582.9212 -431983.2323 -429152.1858 -446372.6776
-699648.1716 400287.9109 -637893.8507 350790.5414
-642022.0288 772640.8928 -625218.1252 782411.6116
-51367.4234 298386.0897 -173293.5660 240503.3897
977784.8976 431607.5041 932681.4425 275666.0437
-191180.8972 623965.6896 -139930.0334 545988.6334
45805.8850 962954.7535 164524.9788 959877.9506
438516.1334 -913493.6136 418964.4867 -926671.7208
845670.8048 -708689.5656 867538.2585 -773384.9996
437214.1068 236608.0620 684787.7198 -234477.9016
162634.6433 159595.1965 189959.4230 42828.5845
424284.1623 368299.9304 475902.5336 385542.7476
-352272.8560 215447.9157 -74689.9636 367752.9268
-824813.9216 -713532.3605 -770076.6907 -759776.0129
-93434.7029 974934.5587 202725.0981 968944.2214
413267.3636 -38558.6758 474826.7188 -87132.7814
-717429.0517 845154.8149 -659095.4620 858757.5514
-755125.1579 400759.9855 -744668.7176 374268.3218
-586648.7707 -568031.8356 -310029.6232 -584023.0101
651714.5533 -741928.4949 636391.6891 -835908.1778
-895976.3544 -58031.8265 -782892.2814 19530.5761
-815258.9170 64833.8684 -790872.2713 80799.8803
-939460.0968 180309.4984 -885211.3538 313718.5200
-217963.7956 812912.7449 -113597.9240 783915.7256
-332654.7986 -90478.1107 -289906.9051 -87203.5811
642836.0646 -730812.9414 546448.6107 -778973.8120
-369347.8669 813340.3885 -292203.0664 773886.7833
782159.8911 307618.9602 785483.7508 303748.4661
86849.0384 748629.1052 107152.4814 748375.1674
-996710.6812 845470.2742 -954410.8550 753151.5699
-902740.4965 -742470.2126 -892306.9468 -778914.4855
557479.3004 410157.2170 466718.7886 283742.1519
560345.3223 20626.8608 600702.0321 -31743.5014
624880.7975 186982.8855 659379.7870 211432.3121
-334779.9180 -497997.9592 -75745.9804 -427054.3231
473825.9202 198434.3633 529613.3550 123656.9546
-17528.9145 707641.4802 -47747.8251 653806.2959
-724749.0920 -495825.7488 -607156.3365 -481543.4287
-685029.3189 -357298.9842 -603472.6081 -396774.7758
-460244.7854 379448.7510 -520014.0031 466546.4560
-568388.5239 849832.5217 -449119.3641 811835.5009
751733.4683 -130254.5517 919241.5062 -413949.7329
359240.4289 -324061.5060 477392.2414 -409888.3990
952408.6373 -744578.7829 993116.0401 -913983.5267
713508.2515 810602.4327 763888.6444 813428.2130
-304058.0973 -963615.9337 -228250.5951 -933705.6880
-524345.3393 -937864.2205 -465072.4236 -945063.6028
-578683.4247 -450176.4334 -659989.7330 -388201.2355
-106197.7240 18374.0774 -65890.5576 29412.2605
-404725.5670 178386.9326 -335755.7480 210553.2862
393841.0167 -406355.1951 490447.3900 -444456.9888
-785280.3719 -610117.0060 -801884.7618 -626341.5255
974674.7644 53147.5268 978041.1816 -169195.4032
-642189.1832 -112739.1831 -414777.4549 -279734.6648
218446.0765 -498955.5723 312725.6886 -456096.3597
803883.1986 -832319.5767 566451.1555 -576543.2433
-430994.4468 564904.3137 -377415.4142 598117.3501
-692511.8804 -995609.4845 -421870.0253 -987829.2504
30213.5589 -592074.5910 41288.4057 -586843.5681
147900.5564 -143011.0489 176973.9523 -157980.6603
417767.7577 -621491.7056 438231.0803 -607762.8623
534367.8124 786394.7983 607661.0010 827645.1543
-33371.1785 704273.5631 16665.2546 730701.3679
323145.4100 -713661.1023 201242.4049 -726144.7044
862993.5310 -709343.5530 884186.5752 -722167.5543
-23752.2020 -154250.6811 16675.5050 -178855.4672
-735652.8398 625337.9184 -508984.7876 303860.7183
311572.5161 125495.3693 448960.7785 4646.2543
852821.2203 194242.0117 934658.7514 217657.2047
-291973.5117 -943741.7226 -231420.9629 -932343.9556
-612113.5537 -126589.5835 -561952.8993 -159516.6280
325858.2915 376000.8082 403553.5787 436457.2549
-749583.3139 -590793.7086 -683117.6407 -608167.1547
20671.6829 -397780.6957 176931.0811 -437076.2100
474826.7188 -87132.7814 492766.2567 -72753.9518
51972.6169 309948.5244 144354.4479 353560.2036
665896.9495 55950.7142 773402.3172 -107738.7848
-109912.9287 -179683.2098 -95488.9911 -205025.4910
252969.0779 793446.3506 400622.4635 813530.5285
695709.3502 -830067.7218 728122.3779 -930625.7549
-315574.7893 107155.1435 -174441.8814 24053.4635
36797.9447 293131.4949 117401.7017 334198.5478
-21175.2371 654687.2843 -13986.0822 682640.3634
-409567.0978 993055.8406 -238540.9112 991746.3692
586888.7477 314984.8904 714772.6565 608941.8827
742694.3526 634620.9284 825549.0304 760619.2774
-175966.5783 382547.6295 -135348.9787 412677.9267
966185.8221 -665756.7270 982547.6192 -795252.5597
849971.4077 348856.1971 915931.5769 346318.3592
907264.9388 -974190.9202 804584.6589 -932929.8534
-902309.0922 933520.8926 -902104.1045 944433.9880
-666952.1344 900050.6342 -538733.2601 906996.6353
280913.6509 358935.2442 403553.5787 436457.2549
-848510.0214 -923974.5588 -847937.9955 -884494.3423
-67889.6942 -46901.5557 -243658.9858 11015.4305
-659703.0620 -822855.1642 -592382.8841 -903311.0372
746259.8986 828957.6833 772606.6535 824413.8302
-663672.2314 -724204.7673 -661434.7715 -707088.8539
587016.0010 592403.4793 610907.9578 594089.8017
-547971.5873 -5175.7632 -322566.1072 -180205.7656
-525158.8702 429737.0906 -488467.2263 368947.9637
-386906.6543 191141.5245 -361817.3957 234328.2370
459469.3942 -890918.7723 500607.9620 -892643.2007
114700.1541 -743374.8404 255814.1854 -747770.6671
-399951.6810 83600.8164 -281639.3100 150558.8833
-848903.0023 -189684.5363 -842939.4412 -195021.7603
352375.3016 344348.0076 433555.3081 336572.5377
846549.7666 -606609.8878 666210.0765 -482789.5886
939826.4235 848192.8038 916278.9839 710012.4854
23045.4157 -255513.3289 48099.2764 -276402.0201
-940571.8898 916914.8692 -857419.4467 926259.5705
-575395.0532 -282645.3786 -572916.5617 -290599.6211
-286345.5286 494304.2088 -234287.1042 596452.6269
-539565.1051 135870.7303 -462590.2678 232309.0480
963309.4450 334822.4260 979605.5258 420013.7671
655127.1272 -146607.6464 681020.3175 -178944.8593
-617061.9891 506058.7700 -565640.0430 408876.5087
-692446.5456 -35858.5275 -603927.9933 -4436.0996
400225.6737 621611.1713 431084.6500 619062.2983
-180435.9193 -347296.3666 -123177.7135 -310293.6485
-393591.5885 620538.8188 -285332.5170 687755.3690
432759.8124 -946356.9252 450287.4260 -932667.6487
796004.6589 -807055.1401 800574.6109 -813774.0015
92439.7611 381979.8014 -100530.4168 291454.0725
-274700.4946 686490.5239 -257193.2955 737399.3665
-549082.1568 -936301.8780 -374885.4059 -912229.5397
666495.6802 -933146.3658 728122.3779 -930625.7549
637075.4892 815564.0842 698168.9124 848379.0761
936951.6315 190243.4419 946957.5548 196361.5836
-408482.8929 -660542.4937 -292247.3278 -640044.9788
-669695.2841 105518.9652 -627488.7518 151864.8659
76131.7328 -657406.5335 293022.9574 -661776.6459
215117.9160 450336.0312 218952.3975 483765.0612
-230788.6352 245815.5819 -53709.8456 340829.9141
-351975.4412 -284229.2495 -328618.4392 -262788.8251
-281993.7002 -201284.7095 -452607.3443 -119026.5169
207586.8334 791939.3479 212559.7209 806348.8917
-575792.9077 -118812.6527 -358792.1665 -230775.4585
-364598.8391 676624.5645 -344667.8368 703299.0921
624880.7975 186982.8855 719326.5567 274056.3015
-864910.9616 638094.5031 -818067.4112 491641.2227
283236.9780 -934906.8334 336448.2948 -937228.0832
-375147.0778 52079.0107 -205761.4180 16326.8429
-757363.6187 -937090.2449 -689555.0863 -963813.5316
769184.6254 624456.8362 776474.0831 657513.2695
-71387.0486 617638.4439 153971.5800 710237.5113
723114.0179 -149502.5878 732932.6904 -179853.6985
720140.7834 106017.2380 682575.0976 76402.8638
-969314.1826 362269.6482 -920898.0344 485426.6811
-748554.0203 -991993.8632 -703393.6366 -980863.8910
-288746.7841 45058.7978 -286418.9803 57076.9346
808811.4200 548767.0860 953699.3548 492502.7886
686035.5864 -257366.6821 693975.5197 -285586.0245
-274700.4946 686490.5239 -426649.7969 555442.6536
355140.0371 541067.2659 472202.1223 556133.0732
933567.8626 -918436.8102 953656.8246 -949516.1700
407909.6962 -763020.0375 419212.5577 -777272.8582
-626408.9476 577535.8813 -614619.0159 541734.6127
-94038.4786 782248.3085 80320.1113 795543.1499
619507.6606 -578140.8595 749438.4085 -697953.5156
-952542.8636 -999804.2831 -811549.6377 -994417.6309
-345496.9650 512557.9766 -336260.2998 508968.0908
-996146.5233 43305.3301 -982028.3186 146754.9375
450224.1750 141439.8700 517000.4921 44170.5972
441625.7635 -809377.0664 544068.2123 -781692.3432
28347.0795 -584586.6294 -182860.8951 -663084.4906
729131.0357 -513515.1779 882022.9761 -607779.7953
-207255.6297 548322.0502 -171192.3822 529326.4272
341931.4256 -363811.8194 368304.5668 -418603.8688
-797390.3627 692068.4243 -537919.2976 310447.2099
733028.5989 767480.3659 488094.0152 686107.5257
906980.2348 393945.8140 928748.8963 407198.7698
-619549.8542 270446.6080 -565936.6617 263756.2103
-309083.0183 -895192.8344 -312627.2351 -879473.5964
-746621.2938 -321773.8875 -471392.7784 -422213.1081
723246.6106 -497759.6412 751485.1438 -501448.5209
667617.1589 -457207.7369 701207.7026 -462013.0694
344280.4787 774624.1309 437269.4482 772063.4979
-725240.7457 770289.5926 -620213.4625 765541.1575
84941.6047 10118.8116 316485.6853 -154643.5816
-435921.2808 -924409.6517 -378932.6905 -932274.6191
-336689.7277 229059.3258 -293022.6114 268500.7367
323959.6941 419873.2000 252526.9595 375882.5150
9792.7862 845530.9095 151689.9563 904217.9639
-574934.1899 -794312.5019 -310215.7679 -698153.1288
165294.6572 418547.0453 168483.9760 492258.1372
365356.6160 -182694.3174 528944.6420 -306459.3976
-40892.0906 28162.5722 79066.7749 -61441.2588
201078.3629 -652582.7748 288431.3238 -629436.8655
-647125.6189 -969653.7226 -541970.0903 -974448.0185
-248213.8383 -516600.5952 -111709.8129 -524000.2049
564102.6867 174813.5260 647119.7592 274593.3908
-18464.2625 -188209.0144 105483.0566 -268605.1333
452108.7309 483145.6144 444317.9836 469866.6088
840171.2608 -11854.9781 871354.2295 -11795.4642
361051.7936 -6003.4903 454067.3165 -28715.8142
-190056.7322 225111.8503 299070.9676 454553.6481
880697.0857 351341.8187 840765.4747 406472.1247
-999131.7245 -46733.8175 -993616.4644 23638.3283
830280.6022 -509404.4725 922204.4919 -598522.5526
666973.9769 477650.1679 591478.1402 303687.4743
642024.1457 82298.6130 809856.6950 -211438.5235
822350.5170 996147.4936 828663.4131 985697.0023
-333989.4802 502430.8649 -217735.5988 688447.5338
61664.8209 -255236.8153 61849.4334 -264764.2984
-792533.8249 654065.5006 -765137.8282 630234.4202
119109.0581 -68513.6655 602879.4822 -415749.6494
-760209.4015 80578.7952 -706755.3956 70613.4584
102634.7086 628040.9990 197922.0399 649915.8234
666007.3200 -758565.7454 756208.6093 -970206.2246
-773130.5658 331864.2638 -730409.1421 347049.4714
-885993.7527 -108835.1373 -814171.4464 -99536.9744
203579.0237 745599.1063 82781.0348 738227.2736
-673270.1028 589298.1827 -601150.2906 515007.2768
-673778.6056 987825.8254 -605698.3126 983465.0625
537033.7077 -78473.0403 422352.2616 111298.6760
483095.2203 -857635.9057 506435.8442 -881563.7228
-364598.8391 676624.5645 -396542.0818 698911.4155
667617.1589 -457207.7369 517279.6826 -340980.8723
845670.8048 -708689.5656 770036.2204 -631429.5426
454851.5556 -344305.4256 562374.1569 -436922.9273
-806550.5417 140260.0719 -748404.2825 182433.9466
51030.1649 578410.6453 53828.8785 646985.5855
339526.0821 82881.9354 216092.4431 187239.9719
296538.5810 -20287.1741 422371.8420 -186193.1817
-962375.5583 -317384.4258 -738233.2710 -418517.3745
87772.8085 902884.9825 -155749.7397 904108.5050
-248724.5771 95946.7670 -169266.8251 22890.2800
807256.4570 -404221.1319 857405.2820 -390207.2059
701714.9203 -375590.9104 735650.5501 -436792.5290
782159.8911 307618.9602 699974.4385 219195.9386
704058.8909 807132.4908 710308.0431 784874.2176
783623.9859 -199646.1166 873638.3495 -358192.1077
-313494.6357 -905445.3189 -21526.6654 -871720.0762
333282.2006 331954.0960 375745.7364 256216.8831
-109338.0524 481906.1014 -23727.3023 515884.4333
-302977.1502 -179257.1979 -235595.6054 -200541.3676
567788.9404 -180448.7285 632299.1519 -234806.3376
171091.7848 -137082.5498 214639.0183 -163530.9594
25464.2604 -796260.6939 -99842.1075 -798747.7493
24542.6383 355646.2846 29368.5160 397807.1162
-330501.8488 -229518.6950 -309316.0793 -273014.5782
-949672.5161 723044.3665 -897807.3292 706840.3651
-133204.7015 -48677.3172 -89486.5841 -97750.1563
-383166.3514 1177.5059 -365404.9089 -12126.2846
465943.4460 -390067.6605 856398.0794 -690991.6225
-120240.7598 -670462.4285 337133.3444 -528239.1220
-980003.5146 -672482.8518 -962195.2784 -705959.3053
668902.4163 -709362.4276 758390.9185 -803837.7321
-682365.0690 -282853.4429 -637072.6544 -330400.0137
-151202.0484 -462742.9246 -240278.3861 -489088.3246
-427569.0293 -421983.4000 -403173.8101 -416194.5745
-972687.3389 -794599.3828 -930700.8527 -911139.4207
933117.0028 468388.7341 836768.6441 503338.1968
-152399.6575 991956.9910 778274.2979 997015.8639
520363.5044 -563231.4781 570674.6320 -584781.5190
821819.1226 615707.4028 852841.8038 636077.1046
796398.0219 -990056.6490 666007.3200 -758565.7454
621804.7609 -285953.4089 658876.8522 -324892.9623
754539.4602 505026.2387 756288.3629 496333.4935
-366064.6082 356766.7568 -292009.4276 370775.2164
-201873.5045 -101369.1984 -282977.8783 -49245.7041
152621.7562 598996.3299 176339.9948 611494.7529
-121007.8624 131948.7264 126979.6178 -50355.4561
960187.1247 -674875.7391 961677.3625 -691557.6235
-738667.3216 713824.4070 -679311.6246 640701.2916
-858401.2400 -648060.9527 -841651.9039 -685543.6290
855201.9643 760603.9923 912003.2861 764601.9632
365612.1646 -202251.2463 448993.9923 -262790.1716
-224200.1720 -96884.9074 -179977.4850 -109382.1010
164524.9788 959877.9506 368551.0597 966789.0295
-499303.7407 754027.6629 -279885.4031 727542.6593
549657.2270 -373719.6977 102414.2295 -49353.4173
-657230.3305 22021.5062 -576239.0516 143521.4620
207844.2528 -203998.5599 416651.9857 -325553.2850
412949.2910 -777302.8857 440337.7829 -810377.5787
-714691.6143 -864076.0085 -688650.6046 -871943.0746
-423217.5582 297171.8404 -351875.3916 421071.1140
431920.8657 217001.6796 415331.2483 207426.3664
789889.9498 223085.0870 864895.4181 284903.5763
751485.2078 -298048.9757 780405.4650 -437878.2153
332764.2569 550522.3838 560479.1206 600617.3336
-373372.8041 -223053.7896 -308243.3686 -229758.9055
851713.2482 -901141.3582 899163.9454 -894338.3630
-970753.8136 243399.6067 -920176.4957 334065.3548
-855103.6648 -170759.0426 -846307.0816 -171219.5992
-711633.5293 -176464.6216 -638376.1094 -198144.0168
-873962.1640 185918.5972 -867525.3187 141817.3210
-393570.6650 -77119.6625 -425256.8623 -35562.5955
-282438.9032 -202458.4951 -2011.5186 -318681.4872
-686346.8143 -70306.9760 -431545.2743 -265394.0506
-177651.1614 626430.7520 -128331.4726 612815.0167
675514.2130 -912015.6944 687995.6884 -925110.7335
-145350.1105 -533365.6140 -91339.9079 -535464.9131
-917011.9939 78669.2686 -864743.0945 349997.6112
757354.2606 -676131.4675 782755.0062 -697700.9567
-437958.5134 632810.8087 -396542.0818 698911.4155
780405.4650 -437878.2153 777798.8041 -498757.4074
-641458.8400 353513.3654 -622484.9837 318023.1777
443555.0276 343057.7114 489970.9120 355365.9193
616080.7573 -934614.3423 607371.3788 -969716.3410
-246032.3885 132068.0456 -230935.4306 157273.3730
-783542.1164 -940171.1860 -710420.5829 -957736.8154
-856686.1514 -719209.5255 -738327.2871 -825333.9730
791011.8481 -91295.5395 827251.9979 -157972.7790
321774.5443 833330.0787 384813.0504 878713.9554
193308.7782 -46661.3244 446180.0024 -252805.7979
932681.4425 275666.0437 977339.3276 427515.4307
-788637.0523 -761393.5634 -915328.3116 -668884.1107
-579474.5628 -889018.3284 -555637.6806 -841388.0051
111355.8638 229678.4278 148560.7517 275196.9174
-338452.2632 154557.4743 234589.0915 408941.9498
862782.6326 102552.8609 874911.4990 139868.2975
987554.3786 -279920.4708 990736.3951 -287486.4668
374106.4972 209751.3327 431679.3449 79613.7422
-911013.3594 -627126.7644 -871670.5821 -612158.1915
290995.9566 -294721.2675 325895.6764 -321463.2347
-475607.8228 648652.5141 -503961.8360 743492.9547
-510654.9223 -966383.8091 -104906.0151 -981582.7547
-670618.5508 -170687.0170 -581883.9987 -213400.2984
538865.1661 955622.1359 595357.5789 952300.5048
293334.6182 -356091.0742 209746.1317 -304113.0637
891862.2041 -432739.1544 860088.8450 -506276.4154
207177.8928 -628534.3228 246527.8883 -639793.4131
286708.5022 572493.3091 548022.6483 622810.4433
783586.2841 802019.4472 889376.8166 975759.7204
591176.3869 -506106.8455 714261.7596 -620607.6294
-382030.6638 109297.0297 -367435.3550 123042.2587
456221.7981 9909.6654 343918.2319 218114.1789
616687.3491 148404.9444 547898.4983 61555.9259
-720698.5248 -78162.0837 -609789.6274 -147811.4202
-873336.3990 997160.8261 -737639.9254 997906.0623
-287325.4510 -564914.1514 -248228.9980 -575893.3463
-358446.9022 -510654.0917 -113543.1729 -500168.0243
794894.9774 -990761.2118 908968.2332 -997984.8455
270107.7911 -372983.0407 558350.7680 -524205.1889
-441780.2048 761415.0714 -239013.0142 761023.3276
-545656.3562 -545972.7501 -475901.4843 -548022.3395
-622876.5582 870000.9281 -696380.7352 836439.5481
-568388.5239 849832.5217 -473397.2976 827598.7301
757658.9743 230468.1054 830749.8689 310875.4036
466078.2102 526360.2392 510692.0697 531558.5692
-852543.0799 931110.5161 -737355.9291 903908.6051
-910758.9872 322663.9104 -906921.4793 366814.2434
621904.5660 -616285.6906 678639.9708 -658103.7028
127268.0593 145594.1765 148515.0672 105669.4107
125588.2729 486829.5993 138849.9367 475814.0490
975048.8336 528926.8775 984047.2521 554342.9718
759313.3228 394855.7401 770844.7867 403840.7317
-977085.1441 604638.9388 -917861.1279 601545.7268
-743782.8064 647923.1970 -577765.1808 510892.9073
515060.6975 45115.4989 597935.2845 -101231.8864
613270.6175 -269323.2346 637531.8411 -236788.3108
714326.2293 110098.6675 773950.2116 76849.2348
-448974.1082 -301933.7772 -539657.5217 -267228.0122
850042.1197 240009.2072 951204.2473 262744.5335
-722861.9910 935057.5211 -721366.6292 949115.4719
-736219.2481 688437.8112 -623381.3627 556875.6874
781553.1187 -268122.0218 835340.6921 -388180.9064
-302856.0950 455670.8376 -237313.4848 565118.3073
-782141.0340 -283899.6077 -751139.1566 -309492.5137
283248.8451 450094.1506 316622.6882 468644.5453
-904022.2918 455298.3206 -874102.1779 516283.7529
331677.3234 815017.2636 569922.1095 856001.7488
-137516.4887 179134.6246 -56613.1451 170396.4832
317549.4196 -997581.9365 594699.6353 -998835.4413
621904.5660 -616285.6906 595530.3891 -598494.5757
-332001.5282 132253.2682 -317368.4508 146553.1759
-875613.1057 667488.6665 -737885.1918 443450.0121
216546.7267 -977093.0032 136959.0579 -973238.8297
-475607.8228 648652.5141 -451803.0363 532320.6068
-899063.2467 -121263.3046 -779746.4702 -136367.6966
513135.0121 537850.5484 571417.8937 579317.3841
458947.7439 -516726.3514 462583.7707 -541655.3545
-71866.7752 -827850.6842 -18135.6966 -807980.0136
993116.0401 -913983.5267 908393.3307 -713050.6885
-83181.7208 492938.8655 -13090.0476 562901.9341
895446.4417 656568.9779 902029.6550 669042.1024
290490.6510 19726.3380 609153.9147 -341053.6376
-696536.9734 793601.5534 -678490.5705 796675.7128
-205999.2212 393850.4327 -43467.8936 477534.8092
873638.3495 -358192.1077 820306.6123 -303425.7340
279759.6924 297823.2086 320344.5215 256353.2670
-695005.0511 -826034.6557 -612849.6067 -945846.1344
-912653.4404 -568638.8108 -713980.2710 -522060.0529
-817151.7486 -704961.9818 -740430.6519 -740063.8004
-67198.5662 640055.0325 -58698.1588 650312.5974
-294812.0144 -708784.2984 -227019.1977 -695200.8957
-489096.6401 -451360.7762 -483391.5439 -465069.0221
314963.1115 -283731.8264 507429.5556 -428941.7199
557822.8770 407583.4748 749821.6757 708767.8666
1284.5693 242266.5290 219451.8078 367422.5527
727705.3089 31461.0870 739907.0345 74397.5412
-445090.1359 -154660.6688 -267618.9368 -222414.3705
-120825.2199 -689800.2358 -67995.5993 -681832.6047
-885993.7527 -108835.1373 -232452.2803 193071.4958
804085.7364 771353.5804 810428.1074 804386.0623
-758972.0899 506575.6443 -794057.9790 574316.6484
-280763.1461 769323.1168 -224849.5703 788738.5967
-420310.6896 666283.3619 -410251.3606 720141.0368
657766.0116 611042.3625 640738.2496 584622.1151
-723840.4157 755509.3016 -648507.6647 726126.5646
-690415.0045 -317579.9440 -612891.1589 -358166.1990
966185.8221 -665756.7270 981353.5942 -691730.1183
863017.7052 -601555.4304 955303.7593 -846730.6283
-310960.6959 -196513.6937 -265934.6173 -216381.6594
-277680.1623 -290293.6782 -268348.5106 -287089.6685
-566649.2838 -952801.2619 -335080.0160 -957566.9048
-207255.6297 548322.0502 -182755.8447 534857.6620
-22200.7004 202559.6480 64663.2275 193326.4481
-986490.6089 679984.9887 -982070.0314 312755.6627
-841900.9576 901725.0516 -813706.1485 882472.9072
448.2557 904012.0513 100852.7302 905906.4613
21599.0900 -60519.5443 70627.2938 -82326.4825
-472549.1474 -563057.9959 -377882.3481 -577370.4725
-531006.9509 -700314.6242 -658448.3237 -672455.8829
763153.9512 -151758.2939 800170.8248 -225515.4271
-602382.7315 -51226.7752 -291981.3476 -199687.6001
-996146.5233 43305.3301 -976548.6865 147451.6184
-92205.5097 -138585.2688 24726.7058 -187268.2162
-134741.0502 576392.7820 -104038.0036 567190.3829
873.5596 -120139.7318 28601.2679 -111125.4939
-857056.0833 206662.0886 -836367.1808 204444.7046
-354873.1804 503617.8907 -317078.8892 603905.6633
-612289.0618 53170.1758 -461062.8089 170727.6205
-306088.9550 -388468.1864 -61587.8111 -371929.5896
-187621.6661 -758633.4560 -150206.2089 -748674.1608
745651.4421 917198.7689 723593.1746 913074.0400
-289906.9051 -87203.5811 -234268.2142 -140539.1301
442025.4720 -843623.3471 475090.7932 -869522.1835
-74689.9636 367752.9268 -220703.9201 295815.7625
723246.6106 -497759.6412 859210.5459 -581974.1744
732874.9512 -810700.7142 757746.0879 -832016.9953
127284.5558 -897403.1731 132379.8105 -927499.8493
-588511.7762 -626137.8112 -435257.1150 -622014.5664
13365.1532 -558893.3678 183116.7412 -507758.9455
562544.7472 67426.7132 693163.5480 -238703.0836
427428.4478 -443981.0417 536392.0207 -503693.5275
781971.2251 331069.8460 815919.0789 319953.3954
-812740.1234 -176132.2067 -680872.5151 -187730.0710
-431545.2743 -265394.0506 -392740.8979 -289675.6009
659136.7029 112718.8116 799193.6665 -153694.5217
-545958.4141 280788.8192 -556281.4852 249237.0579
-586648.7707 -568031.8356 -440571.3095 -601139.1347
143228.3173 637637.7797 326106.9870 691024.3666
970240.9671 -353857.1105 979802.9110 -372288.2780
-625218.1252 782411.6116 -561524.4389 774864.4417
-447089.0761 -598711.6701 -388468.5143 -598550.1084
-328878.7505 -336346.7431 -101102.4748 -301615.0097
-44233.9805 773717.1120 -43810.9766 774577.6940
727511.7859 -1740.0938 951107.6940 129926.6621
-912260.5231 768278.1469 -727148.7572 529391.6668
-758548.7402 -500511.6066 -560730.2637 -472527.6662
197531.2479 -952271.3206 216546.7267 -977093.0032
-437300.8016 866478.6445 -390709.5763 855918.5717
407909.6962 -763020.0375 357757.0687 -780274.1599
270335.8282 -303423.2524 308379.1628 -324297.0923
-356399.2970 184395.6386 -316254.0363 216642.2232
-534441.6243 -791720.2939 -198353.6974 -654286.7349
-889695.4646 -180212.7434 -576382.8015 -244521.1197
-722179.1331 117505.1974 -686677.1003 126960.8672
-549145.7289 -372183.5658 -471392.7784 -422213.1081
296538.5810 -20287.1741 288871.3221 -15835.4487
97468.2202 876283.2335 257126.9333 923076.0822
-632914.8112 517649.5227 -645072.1119 524988.5263
373903.2988 -947623.9114 440607.1555 -921523.5192
-678051.7352 -836247.6140 -622849.9455 -906325.9881
920200.5326 283439.2095 970406.7280 408492.5555
-975831.4120 737862.4143 -971146.7887 775845.1418
-275440.7980 826407.4703 -165412.4222 819155.1968
669082.6578 252814.1045 810591.7990 368654.5297
414824.3868 -493981.7870 459296.2381 -597561.1759
766247.6224 -6719.9049 763885.1208 -60640.6852
-160142.9187 -352465.7743 -15685.9980 -339611.1282
99710.2805 418762.3655 89918.5597 384584.3747
125753.1352 -189704.5496 192002.1574 -210469.8994
-843017.8246 -311948.5156 -806246.4086 -344896.3668
-967164.2438 -11513.7549 -978387.4474 37822.9698
-678124.7497 55447.4345 -676023.9555 70216.8329
456412.3248 -418758.8239 354754.3910 -389062.3105
-975060.1563 123445.0306 -904471.0904 389278.5456
662645.7264 602646.7541 693225.9980 653355.8204
758531.4647 617856.5282 817447.1585 589632.1708
-451810.9827 11559.9275 391851.3541 -444174.2590
830152.4315 84991.4190 979617.9082 147845.3705
787696.8352 815373.2285 834265.4288 930161.6546
799865.3883 947853.5468 696655.9596 921107.2138
39828.0235 -729954.2117 69116.4857 -720206.2643
57560.6884 -644039.9142 143693.2671 -606305.6983
537301.0057 896650.6033 612326.0423 895437.7729
-11550.8399 41919.5734 591972.1004 -402168.1156
134562.7091 825125.3448 146235.6157 851776.6601
-347786.6755 873168.9865 -293327.5716 880001.1970
-853850.0824 82007.1192 -785855.9108 120911.3376
772606.6535 824413.8302 765294.6168 842986.7390
-466081.0418 -652209.1894 -455447.2505 -631103.4507
-105953.3606 760799.5463 -43330.5459 713837.1295
504088.4343 -453867.4993 368304.5668 -418603.8688
77685.5387 465810.8951 -293022.6114 268500.7367
365612.1646 -202251.2463 214613.5570 -91533.7727
302739.2017 148269.6689 422279.9216 46334.5092
-951444.9923 -439472.9462 -878367.1237 -516219.6536
295809.0395 196586.7584 217031.8157 206858.4203
-490434.9390 317593.0745 -462242.7531 373157.5978
-780789.2815 -969029.0880 -617816.1041 -981694.5046
-425578.9017 -755498.0925 -289604.0557 -784563.2195
77456.5995 -430341.2372 105713.8237 -434342.5188
515952.6265 -905086.7629 521168.8088 -905258.8106
-718199.1911 213781.4523 -631789.1596 211064.5077
32898.3598 -307073.7645 104234.8644 -332843.2665
701714.9203 -375590.9104 720370.9885 -435504.6475
-670618.5508 -170687.0170 -748425.6743 -133192.7610
-660615.7733 -644494.4605 -526002.6163 -676371.3223
837728.4818 835836.9592 850975.0448 867825.7627
-418092.0722 -52261.7235 -415958.2248 -60624.3180
-98289.7083 -133765.8454 -75992.4913 -94634.0107
-636230.7136 -44733.8892 -414398.9094 -143873.7796
544629.3179 -68204.5890 607463.6814 -168594.0561
267965.9027 859818.9704 294464.8471 858973.5225
-182604.0439 670986.0251 -81635.3970 588648.8745
-623381.3627 556875.6874 -716507.4595 674408.0123
197124.9444 451927.9735 201144.9670 458217.8564
981516.8768 -123344.9601 996069.3783 -651663.9053
-224046.9974 683450.4675 -341947.7301 609308.0673
984810.2519 -452397.1165 965198.4970 51401.7392
-484300.1107 29781.4036 -262965.2582 -72849.6923
-420447.2567 264854.5102 -264863.5200 346541.4074
1717.3993 -186076.8646 72455.3767 -231088.6974
-26079.7934 -14666.4259 -78330.6679 -4268.8447
906980.2348 393945.8140 963737.0557 458537.9851
999817.5333 -679310.9847 953081.1245 -465798.3014
532698.7748 82378.3960 761614.9575 305784.8481
-932176.8969 562283.0573 -903072.6544 588579.6487
-802424.4293 723869.3928 -504679.5628 306009.4104
803778.6537 -419844.1883 791153.9627 -352708.6219
-32647.9109 169095.8728 -7195.3971 191709.9804
52647.6602 145891.9028 63922.0387 138013.8089
449068.2395 -984624.8046 620669.6032 -976335.1611
-807142.5286 323049.3132 -828780.7903 264971.7576
141791.4375 818838.5788 321372.0760 893242.6836
-871948.0249 -260911.6825 -642524.2925 -405126.7052
-657021.6086 6577.3184 -322565.8888 165929.1066
-442055.4128 -878755.0758 -345019.4956 -838292.6348
456412.3248 -418758.8239 297354.5956 -330993.3457
-890386.7430 -951967.0035 -789545.0778 -940315.3142
-362804.8021 -678944.4557 150644.9799 -522919.2742
-138835.4610 -854080.5844 -63150.0464 -855806.9602
-807205.1008 -267940.3632 -779355.9821 -298817.2514
306825.9334 616019.0314 497158.8898 697314.0776
-956162.0950 -894560.5150 -951318.5988 -869152.6144
-877136.0867 -984162.4984 -776549.1275 -981975.5630
-784864.2296 -436880.6320 -661385.0049 -441323.2037
451118.9216 820879.4161 489566.8050 830325.4603
-796663.3252 866725.8742 -728967.7303 868750.5257
-427569.0293 -421983.4000 -596820.1013 -348883.5891
905823.8679 263371.5189 906771.9443 274949.3211
154800.8339 -32383.8229 171347.5659 -34749.7426
314963.1115 -283731.8264 211310.9614 -206205.7267
-956001.5665 134816.1749 -913229.6726 288286.0254
-902075.1218 273347.4723 -855706.5095 492905.2833
15722.4085 -982915.0499 142047.3332 -984601.8095
-276837.3188 49763.5363 -186164.2829 25750.1916
14794.0204 -117694.5147 44043.5510 -121134.9327
-365006.8538 459333.1975 -336897.1269 602589.8012
308092.1393 326332.7233 385378.1302 149998.6281
825549.0304 760619.2774 771186.5882 628614.5725
-257699.6135 29157.8382 -222706.5797 23366.8095
-437960.9552 93507.4837 -292880.7785 52840.3322
-530429.9366 484921.8648 -486442.8328 438680.9373
-708813.6321 -559088.9165 -397989.9134 -473005.8314
-768675.2214 37874.4303 -763209.3395 -61.9757
-859303.5033 730514.4373 -771366.2804 593007.4220
479776.4611 -585484.7928 485342.9909 -663905.6924
-374103.3918 780429.4025 -373584.3066 788131.3409
-961444.8822 531642.4344 -934669.5835 549979.0898
283248.8451 450094.1506 162460.5512 401579.5331
-744720.2362 -888886.2817 -666806.5398 -958453.3797
254972.9515 -291015.2395 278765.0146 -291654.5717
-276347.2418 -27625.5620 17408.9217 -208867.3155
-953815.7998 -235003.9061 -850733.2272 -301948.7903
-950890.0925 489729.5438 -981435.2530 500847.8639
-266150.4384 -495870.2277 -133088.5255 -463121.6270
711749.9264 599588.3604 731038.9411 602822.2754
-721813.6859 -651822.1821 -562932.2938 -674514.6923
-486570.2394 189079.2332 -467223.1689 204370.9469
-635777.6551 248104.6326 -573147.9276 262533.6686
-410251.3606 720141.0368 -414117.8542 706083.8133
780157.7478 459735.8267 850681.4195 392350.2509
152993.1855 909636.9975 167959.9908 904368.5651
57130.0315 -330656.8401 446279.3531 -481265.6716
-802424.4293 723869.3928 -612796.3022 433184.5246
185352.6107 -737234.2087 266496.2449 -748634.4536
216462.6012 305638.5822 171991.8094 291321.6030
-725427.8431 -24018.6459 -447689.9368 159919.7449
848724.9242 376856.2995 820553.5141 346608.9992
-997628.1187 -631359.4618 -991728.3348 -468650.9537
620631.3465 485188.5799 733747.1113 653131.8397
-78752.8618 -228397.6426 -448498.5595 -54158.7472
-176772.5147 150228.8162 -166301.0859 103840.3217
551734.2648 -508226.3883 781489.0757 -689618.6542
500163.2902 -821858.7808 600071.8728 -817304.4769
391041.1641 -469980.7495 100256.7626 -365060.5993
-365006.8538 459333.1975 -467613.7669 286762.3938
-227762.5553 -951148.6744 -162959.8324 -966551.3536
819255.3329 -249829.7653 875945.4733 -349251.0440
193565.5492 -143665.0829 210032.8914 -142167.8321
-491911.8152 200984.2504 -461962.2851 244154.7550
-663734.8931 57213.2669 -673755.7597 64117.9064
-187255.0268 -758661.3454 -86404.5674 -765303.7918
280655.3567 -595645.4805 303918.8640 -581151.6947
607162.0305 336340.8133 648366.2386 424658.0352
925547.2461 -866107.5035 945816.7311 -915727.9059
-807142.5286 323049.3132 -794193.8872 227149.1128
832950.4944 581142.6792 870835.7429 538165.1355
781553.1187 -268122.0218 752859.2642 -189925.6698
377816.8915 671905.0177 448006.9947 692763.6714
996130.6001 38804.8931 998508.1698 470371.2290
324219.1807 309918.6376 346091.3488 254036.0824
-855814.4266 -327993.3612 -854960.3322 -360813.9418
944314.7098 699253.6793 950674.5998 678526.7079
65061.9010 -522256.8532 71351.7092 -507318.9369
8008.4191 776213.3991 204072.9121 815707.8748
722678.5132 158163.4640 883326.3871 187710.5613
-432477.9469 291844.8696 -398202.5113 297964.5986
-98121.1564 925652.1249 165039.8903 929250.6690
279618.6911 -253125.1264 417596.5700 -352901.7022
-273787.1253 -612865.0226 -260651.3473 -599516.9034
-471045.2889 -157328.6034 -421591.4783 -193029.6693
454301.7447 804573.7143 547258.0592 850275.0739
-987361.3593 286463.3186 -972201.1529 340385.4629
-827381.3752 801080.7984 -459879.2787 806533.7602
-17716.0697 348142.8521 -16205.8526 355938.9929
-580539.1620 -908486.3634 -546849.5181 -892401.6542
319174.1863 -368056.0899 352862.0934 -396234.2765
708892.1284 534912.4391 766607.7145 479263.5015
-830367.0878 -794165.4519 -805186.5528 -834362.9771
727487.9317 668762.9644 508666.2043 317800.1130
-475054.5053 950248.1841 -787887.8034 970835.6320
652937.0698 -61749.5864 680417.9812 -89538.3591
-664223.2323 -378322.3113 -619504.3697 -400478.8537
-658246.5859 -704838.8539 -644565.3104 -737009.2431
330092.3757 545659.4708 328801.3601 551047.5181
-163563.7606 -497168.2000 45998.4348 -471898.0991
438486.5522 964905.0764 577143.5494 955791.0910
-368952.7784 -851405.1326 -156716.3354 -840611.1646
-885745.5233 885070.9543 -810610.0622 828727.5930
862275.1255 -479875.7195 881293.9243 -440384.5332
-890402.5664 -781551.8718 -819342.5442 -812017.6444
990034.8453 -506819.3435 868760.3152 -235878.1905
-802424.4293 723869.3928 -597259.6488 452290.7831
-596820.1013 -348883.5891 -413485.6058 -405985.6838
36813.9115 -621360.3131 61217.1494 -608737.7024
-357337.6352 -445255.2084 -299987.6622 -445755.6017
-224794.5226 -609463.8584 1732.6796 -516370.9438
807256.4570 -404221.1319 791918.6668 -334066.9784
-974205.2285 800515.7761 -936402.4517 756148.4084
-285102.8269 949997.1311 -221739.3415 935734.8979
-59017.0923 -788315.0428 30033.4098 -767971.2070
752859.2642 -189925.6698 617119.4877 -807.5843
913953.1046 -764422.1069 988993.5831 -939437.3821
412857.2849 431760.8791 443284.6572 412603.0825
-878480.9844 -986885.9057 -904403.8830 -939831.7641
249449.6227 589795.9690 336088.9628 639222.6295
-520571.2078 -55935.4944 -449924.5031 -106314.7785
-673080.0966 111227.4403 -612483.3051 172518.8640
-568829.1853 -33965.7733 -498423.3332 -87026.7302
-521273.6783 -890374.7899 -495108.4908 -875085.3251
823863.4950 185112.1442 856327.2281 193196.0598
-353301.7635 -760917.8406 -28585.3085 -710232.1912
484089.7716 -377962.6339 507640.4900 -397196.5905
-478922.9957 -935612.3872 -358641.5054 -955114.7986
734790.0324 226532.4108 751235.5846 218962.2100
-873962.1640 185918.5972 -786282.7184 410255.3682
877234.4618 807368.5720 930972.0060 937505.5338
-304240.2986 149039.4425 -269788.3004 162324.9644
-169649.4390 821195.7821 -116504.3031 815709.9617
-250063.1938 765819.5631 -214556.0761 767083.7272
-176772.5147 150228.8162 -228795.1860 154735.8863
285535.3977 323518.0009 383194.5476 150188.6703
-454879.2003 -918575.4138 -270631.4401 -865512.9439
-719077.0497 -539404.4435 -629503.0558 -527277.2493
-88356.0843 -197821.6242 62399.3847 -290146.2781
62399.3847 -290146.2781 -94136.7891 -184045.2224
-938083.8817 -319872.6309 -881286.3665 -317094.8537
-550365.8285 302683.6163 -713877.3628 534548.0645
428345.0072 209897.1707 437987.9359 204406.3967
-400995.7636 -529700.9512 -382421.5195 -550411.1670
-889471.0372 694205.7835 -818150.4211 589891.7231
78803.6223 -837986.8528 -19992.6996 -868127.7467
-617550.6767 -595894.0619 -740440.5220 -582626.4317
-6048.3391 -300441.1132 100906.1506 -352421.6352
60801.9667 705423.1073 138681.4954 725100.5217
-555839.5361 112357.6447 -474234.6805 184974.8964
212553.4943 -229470.1243 229346.8306 -267870.2633
-286497.1126 885440.1083 -181809.5728 929402.1150
183116.7412 -507758.9455 169593.5471 -509855.2766
757658.9743 230468.1054 837522.2773 318763.1771
637677.8683 129389.4815 663898.9867 80081.6769
203311.6898 388152.9073 374215.9514 481002.0625
42802.9408 191234.7042 44965.5155 177080.5137
-295102.0795 282829.7894 31282.0500 496084.4944
901035.3464 -509717.2050 924219.4395 -450280.2230
-561939.3810 263842.5792 -727833.5254 511685.2710
178995.2884 456579.9526 261556.7645 528858.2377
-130751.2661 940204.5445 -90212.2899 933717.0640
-353200.0733 312512.0808 -303877.0269 327996.4362
208432.3251 -346865.9786 232533.8643 -396676.4376
-902075.1218 273347.4723 -928175.4391 220689.0298
23009.6214 956739.0513 116622.7970 959991.8213
-375212.4201 -233427.5342 -345015.7146 -259604.3785
-938864.5612 -533564.1755 -936017.2977 -569311.7137
-151347.6160 230963.5704 -137190.2045 209969.5321
-963581.6797 646383.2046 -940020.6852 619096.8140
-782514.4139 811148.7213 -696433.8843 808092.6133
392166.8262 -624780.3957 421671.9592 -534193.0957
-344083.1082 -830842.5165 -341160.7027 -826428.6491
404874.2319 -48942.6178 502006.1250 -102222.8555
943897.3502 273213.1376 957742.3871 331248.0334
-584908.2326 -807619.6202 -484997.8628 -767624.0255
-549801.9736 437551.2525 -502309.9524 356630.7830
715278.2265 76668.9776 731323.8916 91624.1816
-370589.0380 -625084.3442 -327030.2298 -609406.5687
-822126.9237 -523486.0580 -767908.0524 -517212.9547
930956.7789 235331.0746 962196.0219 202507.2587
528359.6092 164460.7862 716852.0511 579071.9816
117059.8534 504258.6899 120978.4421 524388.7551
42784.5554 727946.6221 46992.2891 704719.8041
497625.1112 951651.8230 490823.5670 912594.3065
404305.7798 694855.7148 722927.3495 834819.3262
-736511.3704 827447.3987 -827381.3752 801080.7984
-859231.1884 760305.9285 -841527.8409 731164.1821
-827513.8121 874734.0026 -789446.5060 840546.3233
-865166.2696 -245050.1359 -824075.2369 -265725.9775
-697639.6308 -136041.4184 -700243.1676 -115134.1283
-461062.8089 170727.6205 -506387.0247 135912.0364
-411706.4788 616802.7390 -394875.5733 631700.4616
-704872.6362 -67177.8848 -664502.5892 -57697.9882
-564168.4559 -991412.9287 -326872.3217 -980405.4452
-864293.7370 -358640.3217 -726717.4926 -412875.4406
855836.4779 674175.3255 865802.0484 610651.8193
291708.9401 12607.9650 521684.6367 -250330.0864
949178.4182 -22562.5001 958447.1919 63274.4131
907149.1426 -197529.0459 955901.9450 -206889.2852
-470336.2537 729059.9185 -440251.6790 724907.0045
622130.8799 -593047.9020 720155.3394 -698431.8160
588159.5708 528732.8518 601763.6008 523109.1868
-1989.1812 -470307.8898 183625.6611 -445172.1934
-354006.2524 -863346.5819 -202158.6112 -843957.2636
668902.4163 -709362.4276 700756.2253 -730686.7094
-817808.6950 -906189.3907 -803739.1671 -930668.7661
-321731.5756 -757547.6704 -174369.2434 -767368.2059
-483369.1330 437325.2299 -480416.8885 498711.3451
-974205.2285 800515.7761 -942761.6070 729181.8742
801981.9705 594242.8817 826304.6672 578811.1807
-593348.0834 633775.2480 -570681.2804 681110.3191
-966198.7933 309881.9639 -936111.4355 310001.9818
27771.8719 -65446.8491 41507.7720 -70338.7953
-281763.6204 292870.2427 84642.3603 536123.9577
967071.1564 669227.6784 981964.8718 914407.6300
-992731.8846 268241.5637 -982651.6561 155945.7284
23516.3879 -874033.2039 113821.5669 -881259.9221
199692.2615 606261.1082 187849.6342 581073.1768
-127077.7607 -938327.7274 -79693.8197 -938527.3693
-399555.7676 689102.4379 -373877.4519 670162.7448
-755426.1806 -901253.8152 -723977.1769 -917212.8909
-546775.3167 702422.6690 -543185.5397 717932.3353
257425.5145 187555.9451 271862.0758 198519.0611
481098.3815 -166452.0481 502423.7263 -154003.6109
624083.0883 -265688.0866 664764.8787 -306796.8461
324167.8586 703077.3390 333506.5478 716764.9199
-187229.6785 250887.6528 -213012.5079 243647.1135
-483391.5439 -465069.0221 -700954.6843 -497440.5754
-77037.6517 -585102.2516 138345.7059 -519068.7656
-721933.8954 160295.1752 -715038.4666 153020.3834
-400888.7760 -754084.1049 -409824.6209 -748546.7025
570035.0148 -221086.5188 502423.7263 -154003.6109
-937703.3269 -620709.8361 -772626.2053 -555152.0074
288179.8635 144427.8014 344228.5725 88382.7066
663188.5328 621232.8663 674954.4904 684555.0110
-268525.0875 461569.3838 -236083.2628 486573.1936
-695005.0511 -826034.6557 -705411.1771 -813839.9899
458218.1014 -72682.9120 474982.9634 -65736.7850
763153.9512 -151758.2939 875945.4733 -349251.0440
763859.5729 -330223.4830 766529.6820 -345715.1227
757412.6661 475506.4115 824547.0052 434487.7213
-716554.9466 112465.2745 -677442.3708 107585.9520
871785.7461 216881.8026 979544.9708 265326.3620
-619504.3697 -400478.8537 -517659.2421 -438575.4926
-612489.1649 -504715.6821 -607627.9404 -498719.6781
-396407.1620 -525993.0345 -302339.4590 -540183.0083
229528.3399 80913.6834 233706.1764 71950.9088
459262.2316 251767.2684 518422.7845 149111.0206
973967.9880 -728222.8887 987093.9866 -848781.1116
-286418.9803 57076.9346 -218506.6322 46842.1966
-839819.9238 709399.8710 -735614.8454 583208.6675
548022.6483 622810.4433 292546.9272 558044.2307
365759.2885 -900606.3207 381481.5295 -901108.6236
475188.8628 261415.2770 505126.2808 217740.2285
378138.2379 556850.8019 501411.3639 580734.8907
-306475.5859 -556170.2411 -159967.5410 -545653.7187
72088.0589 -974496.3421 73999.7078 -913377.2733
548657.5402 -172483.4103 420184.4638 -69056.4285
-725427.8431 -24018.6459 -295929.0286 180724.9344
400547.0663 480147.5363 459704.2821 431921.1675
376608.0299 -383860.0865 403864.8968 -398015.7367
369844.5178 -476556.6721 294827.3600 -438432.5570
584635.4713 74161.8051 703544.3575 -93241.1612
339779.8891 708320.6048 370184.7100 722234.8328
497158.8898 697314.0776 489985.8133 692215.5467
-850392.2318 -831682.3122 -726561.0884 -911640.5075
928748.8963 407198.7698 912754.7695 350109.0388
-760170.1891 433770.7543 -672652.4164 355888.7100
765021.2906 957304.9228 867139.3470 965642.3297
-967164.2438 -11513.7549 -982180.5760 7960.5182
-865845.7171 -735373.6890 -848151.8052 -728589.7223
-993616.4644 23638.3283 -913491.3258 293577.1946
238904.3409 304323.9501 111355.8638 229678.4278
252306.2842 300317.5396 300089.6032 237260.1760
-458029.0849 175289.5668 -438208.6282 149409.9905
-396198.0233 574048.4794 -224232.6596 688164.9269
998458.5682 850029.5465 998678.7005 632846.6938
776474.0831 657513.2695 771186.5882 628614.5725
-868131.5694 509380.5197 -879904.2385 439014.6801
-132095.4552 743749.8068 -60197.7218 691538.9867
671044.3093 957968.1595 820819.1398 964507.0785
-217393.8769 593015.2573 -173490.1438 661132.5580
695709.3502 -830067.7218 688303.4354 -836801.0764
529613.3550 123656.9546 549817.7164 192769.9409
-510448.6928 505115.0567 -489374.0843 461403.1987
911733.7802 995289.1268 781148.9740 756207.6604
-964493.8020 -450926.2797 -960479.3395 -421269.5910
-323224.6952 622930.0956 -195238.2492 708401.2579
-919823.4108 -782371.8222 -902432.8959 -877848.0610
832104.1189 -479057.0874 843942.0430 -508271.1579
-400555.3978 518203.5237 -356929.1112 516228.1375
154160.8825 702652.6360 385790.9874 740006.5389
-949226.5701 -688948.2811 -889181.3064 -708665.7236
-393571.6955 -820677.4289 -390873.9674 -817904.9962
317114.6980 335740.2716 368311.1019 249527.2228
-661435.0602 879825.9749 -553367.1025 895652.5605
-603810.7983 -437806.6946 -792225.3563 -431219.7232
-28776.3735 953039.5689 39769.7135 940854.8780
447730.0221 824022.4808 81833.3778 772599.2302
450129.9322 -197938.3968 617000.3851 -373207.7799
-286944.1800 -167756.6887 -251029.7266 -175473.9390
-762603.4594 -979196.2535 -750985.1711 -973994.4474
-359439.5840 61974.2966 -316987.7197 44523.0450
393898.3432 -206213.8338 419484.9430 -230499.8169
-502732.0365 -914162.3541 -396356.3654 -896321.5660
538253.6515 -857288.5824 640928.0345 -942794.0027
344228.5725 88382.7066 355040.0955 85871.4103
12211.0266 -499531.8080 -265075.7705 -517467.8160
528390.4608 115328.4722 638944.0065 232509.2249
-258427.8100 -712532.6375 -134149.8104 -684973.7759
993963.6010 173546.5665 965161.2993 233360.5435
-914775.6688 41138.6590 -857207.0844 101207.3198
265474.4076 752040.6204 391830.5851 746502.4348
-83391.3493 -277919.8083 -212186.3194 -196649.7857
-81898.7973 526492.6986 -71672.4705 516919.9120
-658741.5567 -384833.1747 -560714.7510 -448121.8424
474338.5395 951968.2450 323314.2237 861240.4527
391361.6411 -432983.1765 477831.9499 -454018.7384
-281993.7002 -201284.7095 -146129.3428 -251787.5950
-529013.8393 612648.3796 -491860.1840 492344.5438
781489.0757 -689618.6542 814908.2394 -796234.3944
-449198.3383 608208.3291 -444446.6543 590881.2236
304767.5203 -410050.8094 425114.7202 -472792.8088
858742.7035 743305.4080 872646.7326 748150.9564
-671611.3187 -10042.7550 -393740.6216 117775.9401
-737160.8736 103271.7762 -699269.1482 82874.2947
-163496.5130 510423.9598 -246300.0828 496423.3289
494191.8609 -548737.2618 508720.9995 -616900.5735
959530.0867 -411744.0108 968300.9911 -423966.9093
-198962.6171 -788811.4071 96445.8742 -792918.8716
-651274.3490 31672.9467 -561571.7853 175002.7566
-663734.8931 57213.2669 -662114.7051 107750.4338
-845029.0900 -288570.8088 -686785.4726 -380567.9756
60667.7050 -492145.9114 138669.6666 -476189.4313
118452.9681 564595.2723 197252.5460 615074.7286
-28148.1530 609981.0092 45050.3689 642391.5924
-53398.6018 803797.1853 81835.2553 831267.3062
-920539.8359 -169475.6328 -715362.3677 -194693.2466
-382365.5301 -450542.7826 -538969.6953 -473688.1574
-934393.6581 880178.6822 -908054.4409 827897.3725
-64821.4048 -937533.6626 -112376.0319 -898190.1811
-257267.0854 820303.7740 -116299.7340 778908.9993
-438271.0893 594930.9507 -428318.0561 514868.5279
-609374.9165 600260.5662 -581347.4817 622929.7257
-158907.6903 -779266.6944 80343.4881 -735909.0069
-83838.1406 -282131.4711 279782.7828 -425027.2131
48197.3523 226970.3719 73146.4832 243242.7979
-610056.3536 -937064.0450 -395629.3506 -851874.7607
-708341.8190 -763659.9458 -680717.6395 -806734.6750
-895656.3210 756443.3374 -516734.8649 256803.9755
257551.5275 252288.8236 282206.0450 248065.7886
238470.8424 -419170.0439 294586.2496 -459296.1800
466373.2670 -34042.3476 253241.9078 169077.7902
-878367.1237 -516219.6536 -968751.5580 -465560.2481
-492949.0817 -46995.9559 -328882.4510 -154409.5563
-160319.1408 331504.2053 50528.2684 446310.5311
-467751.8687 -201252.4455 -612113.5537 -126589.5835
-625867.0953 -312444.3545 -577980.0191 -317980.1401
448960.7785 4646.2543 257425.5145 187555.9451
-92205.5097 -138585.2688 33504.3396 -198825.5085
717844.2754 -120409.2590 718333.8796 -86626.5939
830280.6022 -509404.4725 837703.6703 -511393.8027
-937727.7333 616443.9389 -895022.0696 590762.5822
-782547.3703 -592193.9211 -599330.0548 -623316.3790
-397612.9404 -771990.1257 -119833.6666 -824487.7393
36813.9115 -621360.3131 244997.0238 -528743.0737
-944973.2771 985910.1120 -795945.9798 962773.7403
127882.4862 187043.6363 152218.7107 106533.1298
439325.6703 876500.0407 472636.6260 877524.6659
-334036.1763 -779584.8482 -249456.9769 -795751.5669
-693868.4245 938909.0143 -593592.0386 919705.8865
334030.0414 233734.0050 415600.0909 81668.0425
14794.0204 -117694.5147 35387.3667 -132642.3322
324219.1807 309918.6376 437415.5572 126372.7243
637906.5649 -634638.3214 689008.7057 -704033.3025
233617.8887 -442895.2333 -4293.1433 -476154.4466
-992731.8846 268241.5637 -961005.0797 370694.7306
143665.6168 11086.9317 31164.8144 49450.1696
-635687.0908 21229.5348 -235240.6073 214338.5101
-123986.1010 101239.8585 -165023.2090 73286.4180
-341953.5864 15646.1339 -320094.9084 -6835.2750
-568388.5239 849832.5217 -464549.6354 832807.3154
-138123.0709 725899.3016 -127445.0229 705457.1674
284519.1063 -326343.7110 334826.2465 -334790.9393
775054.2909 268255.2852 662970.7662 171531.3620
-461962.2851 244154.7550 -464656.2775 243411.9561
-762944.2550 -641757.0392 -658286.4671 -819441.6806
-218506.6322 46842.1966 -325537.8917 109543.6773
-741267.8352 263162.0700 -714173.2751 281596.1804
148552.5293 -60936.4914 259182.0523 -139937.4021
-402461.8230 -795027.5971 -224618.6331 -833725.1251
-351875.3916 421071.1140 -490864.6924 211253.2768
339526.0821 82881.9354 379119.2708 36368.5551
367712.4213 987191.1823 -118094.3093 991209.8866
796237.0488 343710.0591 828896.9228 356252.0988
-89545.3698 447739.8375 -410582.7158 284973.2506
392992.2069 464002.4216 395568.9229 460425.7778
932083.3184 -303262.3165 916109.3835 -310056.5739
778991.8782 -924743.5816 878928.7966 -971500.9243
-502732.0365 -914162.3541 -338875.7044 -855548.2176
780405.4650 -437878.2153 781977.8550 -483566.9315
-565936.6617 263756.2103 -592600.0288 278418.9330
-420554.8170 892459.2831 -572891.3668 865571.3370
-399130.4622 -402020.2037 -321903.6180 -392056.9962
419154.4364 833356.2714 530896.5465 855502.4311
549817.7164 192769.9409 587723.8063 283950.8867
-716892.5101 115712.5158 -652360.7606 136630.8224
212553.4943 -229470.1243 219276.1385 -267625.4754
-325106.6842 814707.0594 -319477.6594 792254.1271
136711.0793 540729.7038 315385.6164 534529.6879
-309703.8213 285851.6272 -284225.1779 312309.5366
-98190.0825 990273.0155 -82285.2173 988080.4652
177642.8742 -251563.6524 256558.0198 -328097.8306
-790509.1601 -594258.4425 -649876.2184 -628823.6995
351535.8826 -563379.5817 352823.5117 -578727.4049
-739455.4668 -699030.5696 -615668.1699 -918918.9352
659136.7029 112718.8116 824237.5923 -202361.4356
