500
-977885.9225 -239145.7619 -584870.2036 813380.5216
36005.9441 539365.0946 823241.7730 984534.3510
762905.4104 773756.4809 822754.9333 -893062.9201
-304489.7335 -741639.2256 743416.4802 -996371.8155
-678798.9031 361013.9050 472558.1325 -693518.5241
479320.7937 202839.1864 566627.4556 313444.4067
-27739.1119 576079.5242 459940.0928 -386945.5952
491973.7444 775681.5406 700780.8427 -337988.0893
591401.7344 722721.2149 698686.2502 625744.2257
190853.5790 382165.9358 510461.9065 -77364.2007
-57754.8641 -663770.8035 77502.2365 -344748.1372
-613761.4334 911726.2304 680846.0847 -964805.6080
-27739.1119 576079.5242 -82971.0080 155925.3809
-692080.8840 -885092.3479 -203291.4187 -425985.1753
-851924.8609 479649.8809 -738307.2224 699187.0906
461643.8195 -98003.8970 713880.5070 -951012.8840
-563413.0611 -168575.7718 -89451.1821 -424975.6749
-518084.8731 676174.4399 -397335.6861 375501.0711
-685998.1204 -600752.9292 -660457.4387 17597.8214
547491.3014 140477.9268 602312.8196 -352131.1787
-937308.4228 -785366.3568 -508106.7245 -687404.2542
-294968.8219 -163317.6424 -14523.0478 -356963.3204
851142.7122 -396093.3334 868768.7838 -753947.7803
-374512.0516 257773.0164 -314454.2574 170319.0282
351531.4143 331422.7622 542100.7467 411698.3579
-481346.2298 687322.8563 -90019.9636 -22789.7147
85011.5420 838492.3719 138634.6753 795178.5800
-333162.2679 177339.7482 -141880.9577 43334.5512
-149447.6694 847702.1627 -79482.3536 202428.9907
-981895.5742 187398.6378 -965775.0473 523075.7558
792215.0797 483114.7377 834328.2918 -940952.0370
-106921.8019 -643291.8181 92255.2657 -763545.5356
-996284.4400 -886249.5031 -683014.6007 -840458.6404
581076.8661 606547.0352 662414.2096 516861.1186
-996284.4400 -886249.5031 -854259.7926 82718.0192
-816329.9694 364897.6838 -635781.5720 903203.4088
839377.5835 -295966.4442 904385.8152 677787.4863
-541324.3475 -948978.8852 -105455.2475 -469155.7567
23750.9348 -934234.0370 561686.5243 -972698.2389
577393.9815 423346.2811 797858.6035 -450483.1775
755542.1309 827711.9297 836818.1698 493035.3746
-836830.2791 -225011.0822 -633679.1028 268297.7609
-647634.3254 998143.2871 329700.2384 721393.3873
-513995.2514 100881.8891 -61807.8105 -319827.9951
204707.8523 409579.3503 282031.7682 624416.8245
-954305.6559 -637770.1966 -824818.7929 -74140.5603
-811986.5763 -967489.3166 -263323.7119 -619619.7281
745007.3521 974897.4013 905519.3762 994939.2023
-883210.2139 582635.7165 -844238.1494 672184.8422
-122364.2008 143704.5832 2651.7142 -212126.8386
63848.2891 -12494.5383 82640.7133 318163.9804
834328.2918 -940952.0370 861538.1387 -798235.2876
755542.1309 827711.9297 761222.9778 -7012.4647
871017.4629 -175597.3802 918784.3960 -274157.5846
-833390.9704 -668377.1892 -706416.7257 -243786.0431
204471.7820 -187643.2778 716878.2119 -968972.2392
938001.5802 -645258.0434 970149.7679 -455542.8564
27829.8566 111934.1556 61878.5557 10157.5891
919158.5379 -664658.3194 934882.0122 -474410.4290
-637888.0796 320472.1134 -428892.5798 59628.8414
-561918.2913 -490329.1868 -555241.0084 -437039.5485
935089.7481 -278880.9638 939928.2944 880907.7722
903465.8184 -884983.4789 978514.2837 -831166.6032
-331439.9748 673121.0116 -198724.7336 597553.5458
79366.9515 535708.0413 253480.8283 244047.4467
-444219.9517 664746.9568 -190253.5492 187471.1867
304926.1227 793064.8776 552936.3818 914090.5254
-533917.2423 -673562.2550 -417262.1212 -258436.8015
-528393.7978 988895.3467 202321.9212 913180.4300
461643.8195 -98003.8970 136248.3047 427391.3065
-272171.4267 894460.8349 326687.5829 817416.2830
-609180.2166 585102.5715 -403887.5694 113560.4212
202507.8689 -495719.5208 239561.0245 -568427.2380
-924457.7587 -528625.6989 -752556.1925 -370484.3305
802591.6608 245844.9193 810884.0784 457289.9193
-140845.2111 236835.5734 -130867.0612 533907.5887
825799.8191 -592104.2144 827135.6505 238464.1517
853106.6176 471288.0192 907800.8781 876575.1993
216493.8535 995041.9187 334547.1203 855023.8918
-43617.1987 -647710.4252 -7543.6603 -679793.8914
-988599.5364 -96819.5741 -800312.0504 723940.7808
-578380.7042 860525.1137 -212279.5152 773052.8305
-408212.1830 -80905.2882 -87243.4981 -346121.6685
804928.4051 106932.0066 839818.3784 443781.7272
472558.1325 -693518.5241 -406604.4232 101589.0661
318603.8752 -416231.9832 625201.8065 -867595.8191
-690625.3743 -667782.1146 -592036.6003 -22726.0355
617274.4131 854639.6069 886506.9557 931800.9570
-709532.4571 257061.5002 -671401.5030 529086.2255
-419126.6655 395871.4516 -407400.2491 216338.8872
664730.7573 305384.0145 715900.9254 284110.4908
-844238.1494 672184.8422 -857582.1380 544804.1548
-705807.7314 25943.7665 -685452.2512 -35034.8555
-971670.9674 585489.9245 -917181.5083 983484.7142
182714.7249 841157.2367 215696.5067 934931.0100
137121.9485 500881.0961 254295.7950 579832.6624
-358868.9353 682979.4382 -165808.5144 711684.5063
66888.9355 542412.2688 287778.2338 -12066.6239
-101518.5023 791297.8469 164090.1286 757317.1106
-592259.0967 -109703.4742 -540768.0909 -502373.7730
380877.7244 -777356.2884 472120.8638 -815253.6097
797858.6035 -450483.1775 777923.4649 -661105.3848
-114360.9810 647059.5976 225296.8737 677140.8005
774636.0906 -877310.5640 811716.7561 -675208.6850
497708.7917 -738042.9148 601652.2907 -868270.8221
-813195.8109 643166.9147 -738511.1455 912549.7441
-378171.9981 -211987.1857 -350433.9678 -267031.6766
954677.1619 -219460.0590 974370.7879 834966.6793
132445.3986 247287.1271 411223.4319 -325836.0274
161265.6241 -418582.2866 543478.4755 -855922.9727
-837016.5652 -308618.4269 -710298.6385 -32994.6607
356624.7657 484401.9464 464156.9658 459857.3221
-580690.0787 -601439.1637 -558312.7245 -492643.8715
-918726.0910 770967.5334 -833019.7038 982467.1639
-378519.9550 -597179.5636 -291274.9976 -509501.1297
-175886.2405 413134.1273 -160296.8279 825795.6536
-586147.5012 11230.6407 -539840.9248 54229.3844
-541637.6436 -748430.3260 -204608.8099 -510091.6130
204707.8523 409579.3503 366296.0542 639997.3216
-866568.4943 -343013.1664 -832068.0886 -169296.2777
873067.8529 19471.0593 929569.7977 162031.5806
-678048.5123 419715.0129 -553172.9886 289660.0666
108511.7406 464843.3715 489956.1286 -204382.4531
961317.9173 133369.5299 991438.6325 928355.3862
-68730.8385 154038.6763 142127.0446 -170289.7587
903582.1219 -403347.8783 933022.6442 -189169.8896
-836830.2791 -225011.0822 -767048.3160 91449.3214
-607198.1512 -111721.2331 -588434.2275 126087.0410
-738511.1455 912549.7441 -728787.5722 694639.2039
366296.0542 639997.3216 388174.0593 711816.3997
-461355.3971 3191.5358 -304981.3595 -156761.8104
656285.1515 246321.9881 706026.4472 604428.9954
-799716.9631 -959537.7822 -754500.8997 -858122.3942
-487203.5198 -527087.8177 -427918.1206 -536028.6047
916766.2621 -443897.9888 916930.0096 -451190.6586
568849.5705 527489.0130 607455.2639 316704.7974
-389940.2329 892013.0189 -273068.1195 827328.4861
273254.1401 218527.6004 488365.7914 -107661.8610
-851924.8609 479649.8809 -978625.0215 -111400.0143
564661.9507 -440316.8685 607886.2736 -548262.4223
-346021.9922 926839.2455 109746.6042 878265.3754
728143.8913 820317.2457 750142.7792 146722.2794
-583465.6433 -79992.0240 -271742.8980 -221187.7021
771300.9420 529016.0211 783104.8228 -156329.0749
586321.4302 351680.6334 769926.4577 -345935.3377
201867.1851 66141.8384 217237.8049 -120801.7943
761222.9778 -7012.4647 730478.1586 22472.5558
239225.2644 -726535.1865 402920.1208 -811828.9814
-780582.8098 -287461.8657 -776006.0223 -362226.7525
79366.9515 535708.0413 334794.6474 254786.5281
-729499.2760 632351.0794 -729324.9331 688582.1218
-947931.6147 -110596.0959 -834786.3216 208108.0300
-119600.9945 796350.3248 52391.5507 718839.9895
-692080.8840 -885092.3479 -352319.9970 -651833.9548
23878.7367 -41506.1785 460395.2054 -656893.7492
-17858.7895 30475.0726 64334.8607 -186699.1176
-615974.9688 -888090.1288 -595971.1713 -920961.0304
222988.2256 32049.9167 423518.7433 -441825.3827
535973.7431 234701.7699 647495.3186 -382790.7902
428647.6245 -413058.5686 558665.0063 -524970.7128
253117.3279 427086.4600 551505.7581 81673.6866
663823.6642 390169.5663 673307.9901 579688.1389
71413.1092 52656.3270 295898.8612 -268211.4478
-742402.8927 -734927.9674 -706109.0730 -533631.5324
-974608.3215 -637255.8741 -921760.8973 -145717.8567
-145806.6765 -450614.8927 -122374.2945 -459633.8040
-508106.7245 -687404.2542 -277721.2970 -371841.6511
743416.4802 -996371.8155 804500.3122 -482522.1042
-617571.0990 555261.8513 -592256.4968 507145.2561
653378.7423 -340702.5203 708521.8488 -431497.5701
-587969.6361 250272.3780 -545892.8704 190944.4737
961317.9173 133369.5299 980946.4807 -41842.7953
-513014.3443 -964093.7606 -303354.2236 -967692.5335
-245382.2092 811831.9786 -219758.5547 857592.1613
-133468.3633 -992756.6903 159532.6680 -873720.0508
680846.0847 -964805.6080 273337.8397 -723862.5491
-999705.2832 631739.5148 -986144.5755 -760064.7474
-732018.1313 511101.3794 -730236.3957 527849.5963
-915191.7599 -19750.2142 -857395.3944 91518.9902
966533.1853 -193691.3712 996789.0334 -870738.1641
-422642.6555 111175.7521 -283137.6670 -91294.1663
293331.2813 -174988.1844 411013.4605 -452323.1896
822754.9333 -893062.9201 804531.3166 -300284.2636
477432.6417 -397639.8928 569160.8132 -468873.1773
-706416.7257 -243786.0431 -711580.9524 -247586.8017
-861265.9334 -208277.7042 -798479.7422 203950.5965
-264969.4639 -778276.1731 -21117.2061 -847855.7353
741376.6350 52512.3210 756545.5160 192240.7362
398294.9041 238033.9323 508104.5511 -50623.9456
-845544.2261 -801974.1648 -577976.7202 -744519.5900
602312.8196 -352131.1787 520485.5649 -84103.6245
-890327.5189 492818.1852 -883401.4841 552938.3195
757968.2285 -446838.8925 778481.4503 -681172.6328
-375875.1502 678953.9406 -242863.9625 598797.5316
-90019.9636 -22789.7147 -286981.1191 241172.6871
637253.5105 -266845.1852 692262.4528 -669604.5720
-385615.8218 973474.6914 -112149.7902 909096.8732
-795629.4960 127370.2792 -763368.7378 280698.2398
-428770.8837 -431317.4824 -330034.7810 -428640.3641
470947.4227 994242.9245 618686.1485 886751.1113
-676949.0055 -495798.6110 -666810.1769 -212729.6869
92255.2657 -763545.5356 -66964.8483 -749663.6314
-297944.5280 -740671.9996 -183304.7127 -747987.5906
125738.7593 -842520.4001 413308.8494 -843170.4449
164090.1286 757317.1106 66298.9596 672879.4273
-212279.5152 773052.8305 -422805.4565 657256.7084
851142.7122 -396093.3334 870471.7494 151743.1405
-433535.7969 -962176.3729 62427.2135 -908295.8498
656261.0985 748029.3188 706481.6772 647673.8123
49403.7553 152591.0602 64065.4946 166318.3193
148735.9398 -22551.6551 554503.1736 -696760.6486
790477.2245 345870.5246 792526.7535 145038.0333
-344907.3293 -785987.2511 48068.1788 -870772.2781
966533.1853 -193691.3712 987201.5265 -992251.0256
-477750.8599 662652.0151 -425774.1879 457648.1303
-34456.8526 147056.3558 109081.0734 -107134.3042
338120.1719 941163.8611 371081.4567 991412.5833
604725.1911 -26823.1253 728116.7105 -466747.7781
937234.6566 -532938.1212 965606.2367 749334.0741
110308.8473 -506221.4542 293307.8070 -703137.6293
-927800.6674 -767749.9334 -828488.5501 -631061.5584
-456079.2070 687432.8856 488038.7813 -680518.5425
561956.5986 -736656.8973 599468.0845 -805306.4185
430706.3263 -837515.5022 544265.0790 -913350.3635
-924457.7587 -528625.6989 -754064.3795 -348925.5685
-237007.4338 362799.5089 -157367.0739 210529.7741
14306.7499 -196221.8501 525188.2113 -750328.7770
-350433.9678 -267031.6766 -519524.9053 -156834.1664
-692615.3015 -704389.4691 -634619.6395 -383285.9478
-123710.4409 971222.4565 41290.9624 941276.6635
-621660.9383 -354099.8734 -560548.6093 -446324.7218
414969.6604 621458.8292 511753.4216 606892.8609
-402100.8422 198955.7139 -394038.6793 387055.0584
-417262.1212 -258436.8015 -594337.9933 -650485.0843
628485.7232 546497.8038 664481.9045 115409.7628
550647.4330 194255.6387 556284.2473 152675.6873
-738727.5396 1613.6311 -677061.7916 79011.1254
954703.5942 143406.3169 963839.3427 667057.9921
532951.8018 609557.6710 654772.3802 -27953.7867
193397.6231 604887.4612 269018.8341 618298.2112
905519.3762 994939.2023 757383.8625 922059.3089
-177624.1958 -76089.4625 258348.1549 -464611.8494
646360.2013 -8015.6827 666180.2339 -91647.7482
-988599.5364 -96819.5741 -809693.8982 745964.7531
833200.7150 264750.0885 862557.5541 242532.5429
511724.0265 -231359.9290 518379.2665 -176299.2689
-634635.9135 677934.9668 -568928.5268 635216.3264
-127395.4047 978085.2598 142845.3096 958279.0622
810884.0784 457289.9193 776708.3799 634496.1931
-988599.5364 -96819.5741 -962388.4423 536664.3639
-885561.7530 69713.9886 -854091.9615 159588.5333
-969384.2390 -362281.7775 -955723.1684 -313521.6193
-411730.0160 -887617.1655 84426.5383 -890146.3971
-168318.9957 508117.5136 -164789.8263 430603.4674
-979598.0387 -1325.4834 -896938.4633 529512.3999
-515299.4182 -310742.2712 -491505.4218 -381717.5499
258348.1549 -464611.8494 260266.8422 -471818.8162
127274.9753 192056.5807 203451.3923 3901.5374
-194469.6956 269402.5053 5522.8739 -49257.9748
-436648.6786 526301.1819 -408611.1528 481019.3001
-710298.6385 -32994.6607 -866568.4943 -343013.1664
71686.1436 -181017.0243 123996.0079 -295435.3678
-73786.4169 -567785.3782 -37269.4419 -492041.5016
-592259.0967 -109703.4742 -525894.6253 -149838.8807
76756.7710 42494.8279 164211.6514 -176478.5203
640754.9563 5415.9383 715191.1649 -300130.6177
-140845.2111 236835.5734 -227106.8227 399504.7759
-518084.8731 676174.4399 -407400.2491 216338.8872
8742.3579 -31515.2568 312374.7574 -464328.3214
658767.8124 206458.2880 774456.6623 -118668.4181
-788126.4330 948315.2536 -637080.5101 972449.2122
-412705.8732 -870973.9440 -182135.1985 -844472.9008
619455.4697 -752302.5757 654448.4967 -866739.8828
640348.2995 -728517.6798 657297.1953 -801204.8323
-741935.4026 134607.2118 -702888.1178 265559.2974
-50837.5818 -771125.2761 257143.7733 -823901.3177
355964.7384 -419146.7500 539825.4274 -710632.9174
-294413.4801 -51675.1640 -229459.1994 -159120.3801
-650000.2702 812241.0880 -592120.9776 980424.1579
-15674.4345 -629289.1401 91584.6559 -492480.6796
-755793.6933 -591272.2001 -675850.3728 -126761.8712
-429701.5116 669860.9726 -422575.2255 736117.6970
-205777.2439 -518051.3208 -182405.8978 -490190.7239
-79779.3060 -291866.7783 24203.5243 -310318.3197
-398382.9237 -263192.3242 -181526.1627 -428686.7805
-178111.6318 -758441.9388 -55469.3497 -453683.3337
-57754.8641 -663770.8035 31250.6415 -497784.2092
-4308.4955 421097.7861 1676.5935 293775.5524
785547.0359 -890825.1625 802711.6463 -906115.1256
-936868.1103 -982509.9178 -36290.1358 -908464.4900
127274.9753 192056.5807 206631.1566 60335.4406
56775.9500 -304148.6436 252221.9611 -461140.9141
992158.5527 3243.0336 994704.1773 -308603.5829
-592259.0967 -109703.4742 -142952.5853 -301188.9726
433546.6779 172739.6923 581043.5771 -201487.2856
-996284.4400 -886249.5031 -884500.6490 -796433.2501
-11705.3675 923351.2727 156888.8098 906833.3043
-939417.3374 -780681.0333 -831273.8747 -686660.8243
91584.6559 -492480.6796 142241.2011 -678170.0964
329700.2384 721393.3873 33031.6793 660386.6312
-335009.1248 583690.7284 -323079.3029 524915.1975
819257.4877 722578.5287 864665.5350 385433.7253
866024.1535 -995685.0943 966243.5920 -373777.2599
470947.4227 994242.9245 615964.0718 895524.4868
-703975.4661 251666.2921 -638090.4448 314718.2017
-57754.8641 -663770.8035 66196.9403 -368073.0423
535963.8287 22401.7169 560123.8191 -67700.7472
874500.5809 -949437.6972 941276.9039 -656345.2496
769926.4577 -345935.3377 752995.1913 -473847.9833
229285.8787 987033.1560 334154.4280 899809.5989
-476715.8393 -672642.3027 -256500.3801 -383758.3203
5522.8739 -49257.9748 -241403.4940 327493.0798
-709029.1310 559139.9435 -700244.1059 696343.7300
720444.3331 -890758.8303 754266.5328 -823232.9507
-841720.6550 -612047.4369 -788416.9721 -505863.2844
296976.0135 173038.1186 453191.4717 -66054.9633
-89451.1821 -424975.6749 -357598.2091 -223761.9488
615562.3149 -267023.7763 712744.9823 -824206.6778
-196042.0631 -676386.2071 -171639.6360 -735244.3020
864665.5350 385433.7253 918750.7994 819224.4540
448629.0664 528802.2597 542549.6263 443740.1455
550647.4330 194255.6387 646642.0308 -268036.1098
-942107.2196 707676.0716 -873141.6809 797801.3407
-902353.1210 126664.1959 -788614.2714 387157.3629
64484.8594 -240535.1791 318271.1821 -502809.9485
875804.3267 -708847.9198 917770.7953 -637391.6903
193133.6607 416577.6098 231986.3188 490215.6354
-950381.8227 442226.3566 -865985.2277 672926.0988
-314602.5512 219583.3867 -278094.0636 206443.9596
859593.6791 643035.7229 894009.4873 856175.8170
-912983.2300 57253.2945 -596716.3914 804142.5174
-304489.7335 -741639.2256 -144123.9057 -516402.8388
881467.1428 120921.7948 932872.4853 974153.9703
929569.7977 162031.5806 930090.0245 391759.2425
-215605.1313 55433.8955 -80333.8562 -132022.8828
807081.7525 6432.3978 819004.8619 66489.7038
518379.2665 -176299.2689 465378.3613 -89099.0979
-149447.6694 847702.1627 -552369.0095 960924.1901
-717992.5491 -71233.3823 -692080.1008 -23202.0098
-107584.0025 603579.0515 3595.7579 587268.4017
371437.6469 184670.0395 398675.5860 188378.2723
568732.2331 -272939.1157 669344.7540 -646740.8206
322498.0226 339210.7691 353169.4790 249009.6956
-709532.4571 257061.5002 -781864.5122 -6508.7674
-714401.0880 -665413.0481 -685061.4500 -434289.0187
-965775.0473 523075.7558 -917181.5083 983484.7142
617196.9971 771563.5126 620620.9435 770839.9386
-970341.7267 336927.7879 -849953.5359 684341.4792
38780.7180 -999514.8539 696603.6442 -992806.7941
974370.7879 834966.6793 959184.3979 705602.6716
-730509.9141 954382.9951 -709393.8854 799689.2740
69409.1965 -150291.2591 168529.2965 -347356.8949
-866971.3200 -119255.5007 -855828.0012 -82669.5189
-263222.2735 314078.7148 -26695.2087 -129070.7475
-706416.7257 -243786.0431 -748159.1091 -514296.9492
219223.4734 -752171.0912 450884.9438 -837512.7444
-546375.9593 174083.9017 -519508.1518 -37936.0832
-521751.0436 -522503.2083 -449144.2645 -333530.6493
-831479.8969 -994667.4573 -474194.5462 -981640.5283
-676949.0055 -495798.6110 -619252.4128 -126151.6860
938200.5659 -968136.6865 978949.7204 -990117.3310
-27739.1119 576079.5242 -46569.8306 345261.5021
310229.3288 463010.9074 438919.6773 545120.8108
142127.0446 -170289.7587 552019.5530 -734926.5097
-870286.7152 -306150.1290 -853982.9975 -270968.0867
886506.9557 931800.9570 804510.9250 929496.1686
-36447.4897 -971465.9973 347977.9076 -966702.4631
-729324.9331 688582.1218 -815930.1161 504091.0094
-355281.2291 158467.5002 -329840.4626 150303.8501
-635630.6784 -397718.2343 -602105.2693 -152538.4847
918750.7994 819224.4540 932872.4853 974153.9703
-352319.9970 -651833.9548 -363713.2644 -676446.1606
660313.3711 745012.6167 711658.1085 821866.3710
-874745.5539 295655.2443 -826810.5937 366562.6410
750142.7792 146722.2794 752463.4300 729676.9338
-917181.5083 983484.7142 -999705.2832 631739.5148
-945919.6509 657594.9301 -927229.7072 523449.6855
-613761.4334 911726.2304 610555.4177 -863066.4785
119619.5494 -400071.5242 209187.2608 -479738.9528
696603.6442 -992806.7941 1266.3922 -977256.7837
-14328.2671 -686744.9784 426176.0577 -846896.8225
804500.3122 -482522.1042 789389.3132 -106922.8531
237457.8638 -872538.0388 279060.1667 -882375.4370
-257674.3892 -37833.0611 -117452.2017 -249361.1986
-572170.2859 440830.4586 -531802.9153 297415.3589
-128003.8332 -448582.8207 286.6523 -428253.7139
-999705.2832 631739.5148 -988298.8055 900857.1925
946319.5762 570752.7731 949023.8284 649384.9678
-974289.5034 -928367.1647 -939138.5700 -898732.2081
-356374.9660 186000.1791 -215076.9679 51655.2157
552019.5530 -734926.5097 376083.0203 -478036.4872
-264969.4639 -778276.1731 313150.1489 -895925.5138
-476715.8393 -672642.3027 -303207.2016 -452197.3259
397148.6764 537041.9542 407894.2335 663454.1133
619455.4697 -752302.5757 657297.1953 -801204.8323
-369786.2407 -292819.7353 -200810.6507 -418908.7110
511724.0265 -231359.9290 564716.1246 -245639.3106
-289514.2795 24016.3671 -261432.2796 12039.2649
-711580.9524 -247586.8017 -745049.0686 -144687.4942
-444169.3199 -425326.5142 -399597.8075 -482751.4359
834328.2918 -940952.0370 790477.2245 345870.5246
242816.8381 -866579.1663 486488.4650 -924187.6659
64130.0866 -778837.5559 75859.7059 -780664.6708
-610942.8485 -952189.2759 -443286.6404 -796656.5271
-118323.6549 611509.2785 45465.5160 624441.2492
194364.7247 230919.0470 493464.5484 -234824.4570
-344988.7040 696772.7759 -340165.8318 687241.1133
-334250.7563 524236.3309 -312734.2646 497091.9932
-741935.4026 134607.2118 -747049.1107 102677.0990
207774.1871 375032.2272 514467.6877 -71932.8887
389616.0071 287581.1435 458028.6622 365568.1601
-888071.0418 838224.1514 -857655.2645 820429.2653
318603.8752 -416231.9832 481394.6417 -637924.5080
-861265.9334 -208277.7042 -793344.7258 77947.7369
-600815.1729 196923.4660 -569963.1240 92827.1300
706228.5607 -662898.1209 758260.7887 -711901.6444
695841.0702 -44968.8068 743981.8748 -39578.2998
927123.7873 520712.9134 934494.8503 516142.9195
696603.6442 -992806.7941 -864852.0248 -996422.8010
613000.5499 760222.3603 631401.1157 707901.0258
352066.5178 596040.7545 396659.9321 659622.9042
491440.5743 767313.5596 665442.6829 -242204.7519
-745049.0686 -144687.4942 -858460.6745 -419107.1969
267678.6734 -325692.0967 382942.6621 -466727.4934
-799415.3177 -164490.7691 -786659.1879 -132599.4268
-619039.4008 217079.0424 -606754.2142 220372.0823
755542.1309 827711.9297 784344.2439 893241.0558
-861119.9426 -576129.2555 -759599.3638 -383279.8503
-917181.5083 983484.7142 -982198.4397 649337.0202
-882141.7875 -812991.7310 -756226.2611 -838557.1001
172161.9588 -714852.8744 259194.5647 -694864.7201
392755.5183 708084.2586 431488.2736 643011.0454
757968.2285 -446838.8925 756564.9821 -515828.2561
472558.1325 -693518.5241 -147751.2374 -128155.8404
879366.8672 -16284.5272 915044.6347 -41313.8914
426775.6936 226438.0672 504113.3716 140469.2676
654448.4967 -866739.8828 537463.0868 -577913.2034
-572170.2859 440830.4586 -635114.9415 677278.7094
-968424.4595 -127050.7099 -682229.8240 598424.9609
195921.1517 -60281.1517 208807.9874 -96203.1645
460395.2054 -656893.7492 -23739.1757 52096.0006
-947931.6147 -110596.0959 -963632.4649 -156188.0114
-365682.5452 -345181.3830 -320807.6379 -374419.6898
802591.6608 245844.9193 836233.0212 461303.1067
784344.2439 893241.0558 534987.6359 720831.1357
45940.7983 400187.3286 416274.2166 -348425.9137
691759.3962 -771415.6461 700339.2579 -824388.0097
-140845.2111 236835.5734 -263976.6606 465856.3176
-464450.6145 371890.2057 -365713.5606 97179.4172
44083.6758 -599355.0235 92839.9368 -703925.4043
-767048.3160 91449.3214 -827460.9895 -74683.7004
-469117.9368 -479945.9946 -425358.4005 -349265.9156
-989093.4152 -813023.5281 -956690.5012 -348489.5406
-866121.1615 -886863.8230 -839295.6878 -939416.6255
-140845.2111 236835.5734 -153593.1236 625250.0811
620620.9435 770839.9386 534987.6359 720831.1357
-358868.9353 682979.4382 -315175.1376 650868.6558
-980544.5838 84579.1673 -916039.8829 452502.4791
-755053.1427 216380.9011 -737159.7244 226792.6426
620847.2552 -136073.4111 680632.9768 -353495.7612
24949.6465 513573.3625 89166.8769 480334.1496
545332.0504 -932412.0278 547132.5850 -894827.5192
-218042.0381 -689043.7290 -158117.3942 -642344.4114
-8020.2556 -360352.1379 -2872.2950 -405744.8300
-122364.2008 143704.5832 64484.8594 -240535.1791
-263323.7119 -619619.7281 -636409.7361 -901664.6383
304868.0976 -712264.0506 469123.1864 -808738.8698
716580.9682 205409.9543 728222.1596 574157.9781
981287.3686 259062.1324 996705.4585 -450695.7194
776708.3799 634496.1931 836233.0212 461303.1067
516852.1296 765273.0087 649804.6784 203074.9533
203962.9748 -574697.0829 223337.7933 -583143.7988
-587416.1664 729491.4557 -474950.4396 687613.9461
-939417.3374 -780681.0333 -929274.7014 -572737.7662
-259490.0214 -517957.3372 -144240.0531 -447772.2944
33031.6793 660386.6312 113281.0863 734127.8926
-692615.3015 -704389.4691 -607993.4532 -617252.8810
590526.9791 775410.0660 592603.8327 813534.4508
609319.5101 671737.6108 616051.8021 675107.2051
418972.5840 -298677.5403 512400.6227 -332419.3516
-942107.2196 707676.0716 -927229.7072 523449.6855
607886.2736 -548262.4223 610139.0488 -573736.2557
77502.2365 -344748.1372 -85899.6885 -636372.4903
-791085.5298 -211834.0302 -706552.1930 -71148.8564
743416.4802 -996371.8155 585802.5495 -946538.0419
-683014.6007 -840458.6404 -756009.8658 -803361.4831
-149447.6694 847702.1627 -233353.8649 706521.3587
-857655.2645 820429.2653 -935735.3167 744976.6920
71413.1092 52656.3270 69778.1492 -35930.6770
-646238.5690 -251844.3972 -629678.6994 196326.7799
-315395.1928 -926089.2451 -213392.4554 -889693.5437
-829209.0553 347249.8149 -735053.2518 613277.3943
-371895.5511 151132.1692 -213152.4055 -46055.4867
428647.6245 -413058.5686 484818.8369 -575868.9304
-446987.7905 -664630.8876 -251702.9753 -531923.1226
886506.9557 931800.9570 722407.8115 904956.8583
-138802.3194 153040.2126 -38416.9669 -100402.9678
-870471.7478 160127.4184 -584146.4925 837376.6172
668342.4811 936763.9427 701990.7067 986855.0926
184806.1775 654596.8296 219732.6446 663538.2648
